 5.00000000e-02  1.16696911e-10  5.00000000e-02  4.59313663e-12  5.00000000e-02  4.31991648e-01  5.00000000e-02  8.72719922e-13  5.00000000e-02  1.29871342e-14  5.00000000e-02 -3.61665671e-15  5.00000000e-02 -3.16583616e-19 
 1.00000000e-01  5.63111404e-10  1.00000000e-01  1.87860769e-11  1.00000000e-01  4.31991648e-01  1.00000000e-01  4.22842017e-12  1.00000000e-01  1.39638281e-14  1.00000000e-01 -5.16200531e-15  1.00000000e-01 -4.67756183e-19 
 1.50000000e-01  2.67819937e-09  1.50000000e-01  8.67152825e-11  1.50000000e-01  4.31991649e-01  1.50000000e-01  2.02846455e-11  1.50000000e-01  1.53547070e-14  1.50000000e-01 -7.18078833e-15  1.50000000e-01 -6.86521783e-19 
 2.00000000e-01  1.23624034e-08  2.00000000e-01  4.04357037e-10  2.00000000e-01  4.31991654e-01  2.00000000e-01  9.52644853e-11  2.00000000e-01  1.71578647e-14  2.00000000e-01 -9.67011664e-15  2.00000000e-01 -9.98155982e-19 
 2.50000000e-01  5.38893958e-08  2.50000000e-01  1.82330428e-09  2.50000000e-01  4.31991676e-01  2.50000000e-01  4.28219561e-10  2.50000000e-01  1.92962000e-14  2.50000000e-01 -1.25349306e-14  2.50000000e-01 -1.43365240e-18 
 3.00000000e-01  2.13807049e-07  3.00000000e-01  7.67829503e-09  3.00000000e-01  4.31991769e-01  3.00000000e-01  1.76947066e-09  3.00000000e-01  2.16168381e-14  3.00000000e-01 -1.55889963e-14  3.00000000e-01 -2.02926473e-18 
 3.50000000e-01  7.51502555e-07  3.50000000e-01  2.92865440e-08  3.50000000e-01  4.31992110e-01  3.50000000e-01  6.33910347e-09  3.50000000e-01  2.39279702e-14  3.50000000e-01 -1.86012020e-14  3.50000000e-01 -2.82596816e-18 
 4.00000000e-01  2.31312118e-06  4.00000000e-01  9.95618114e-08  4.00000000e-01  4.31993221e-01  4.00000000e-01  1.85741164e-08  4.00000000e-01  2.60565119e-14  4.00000000e-01 -2.13659359e-14  4.00000000e-01 -3.86961171e-18 
 4.50000000e-01  5.95908224e-06  4.50000000e-01  2.95554019e-07  4.50000000e-01  4.31996318e-01  4.50000000e-01  4.33757106e-08  4.50000000e-01  2.78920921e-14  4.50000000e-01 -2.37554511e-14  4.50000000e-01 -5.21241718e-18 
 5.00000000e-01  1.21820427e-05  5.00000000e-01  7.38973122e-07  5.00000000e-01  4.32003325e-01  5.00000000e-01  8.22942405e-08  5.00000000e-01  2.93969649e-14  5.00000000e-01 -2.57302709e-14  5.00000000e-01 -6.91604756e-18 
 5.50000000e-01  2.00857987e-05  5.50000000e-01  1.54043033e-06  5.50000000e-01  4.32015988e-01  5.50000000e-01  1.32840702e-07  5.50000000e-01  3.05885591e-14  5.50000000e-01 -2.73167771e-14  5.50000000e-01 -9.05607206e-18 
 6.00000000e-01  2.84500840e-05  6.00000000e-01  2.75109705e-06  6.00000000e-01  4.32035117e-01  6.00000000e-01  1.91522049e-07  6.00000000e-01  3.15133842e-14  6.00000000e-01 -2.85750765e-14  6.00000000e-01 -1.17275925e-17 
 6.50000000e-01  3.67107943e-05  6.50000000e-01  4.37633909e-06  6.50000000e-01  4.32060795e-01  6.50000000e-01  2.56174140e-07  6.50000000e-01  3.22259330e-14  6.50000000e-01 -2.95735103e-14  6.50000000e-01 -1.50521822e-17 
 7.00000000e-01  4.48088636e-05  7.00000000e-01  6.40777831e-06  7.00000000e-01  4.32092887e-01  7.00000000e-01  3.26252038e-07  7.00000000e-01  3.27766438e-14  7.00000000e-01 -3.03743960e-14  7.00000000e-01 -1.91867344e-17 
 7.50000000e-01  5.28217386e-05  7.50000000e-01  8.83863270e-06  7.50000000e-01  4.32131284e-01  7.50000000e-01  4.02397954e-07  7.50000000e-01  3.32071333e-14  7.50000000e-01 -3.10286024e-14  7.50000000e-01 -2.43351025e-17 
 8.00000000e-01  6.08058581e-05  8.00000000e-01  1.16657310e-05  8.00000000e-01  4.32175935e-01  8.00000000e-01  4.86162400e-07  8.00000000e-01  3.35495982e-14  8.00000000e-01 -3.15750950e-14  8.00000000e-01 -3.07637467e-17 
 8.50000000e-01  6.87741917e-05  8.50000000e-01  1.48875961e-05  8.50000000e-01  4.32226812e-01  8.50000000e-01  5.80040282e-07  8.50000000e-01  3.38279842e-14  8.50000000e-01 -3.20425371e-14  8.50000000e-01 -3.88230683e-17 
 9.00000000e-01  7.67109402e-05  9.00000000e-01  1.85026088e-05  9.00000000e-01  4.32283888e-01  9.00000000e-01  6.87806952e-07  9.00000000e-01  3.40599253e-14  9.00000000e-01 -3.24516822e-14  9.00000000e-01 -4.89768259e-17 
 9.50000000e-01  8.45855476e-05  9.50000000e-01  2.25079568e-05  9.50000000e-01  4.32347114e-01  9.50000000e-01  8.15203022e-07  9.50000000e-01  3.42582102e-14  9.50000000e-01 -3.28172123e-14  9.50000000e-01 -6.18429617e-17 
 1.00000000e+00  9.23603783e-05  1.00000000e+00  2.68991260e-05  1.00000000e+00  4.32416415e-01  1.00000000e+00  9.71157049e-07  1.00000000e+00  3.44322230e-14  1.00000000e+00 -3.31494353e-14  1.00000000e+00 -7.82504914e-17 
 1.05000000e+00  9.99924825e-05  1.05000000e+00  3.16696186e-05  1.05000000e+00  4.32491686e-01  1.05000000e+00  1.16996501e-06  1.05000000e+00  3.45890129e-14  1.05000000e+00 -3.34555022e-14  1.05000000e+00 -9.93189643e-17 
 1.10000000e+00  1.07430750e-04  1.10000000e+00  3.68106416e-05  1.10000000e+00  4.32572782e-01  1.10000000e+00  1.43527236e-06  1.10000000e+00  3.47341082e-14  1.10000000e+00 -3.37402664e-14  1.10000000e+00 -1.26569280e-16 
 1.15000000e+00  1.14608030e-04  1.15000000e+00  4.23105329e-05  1.15000000e+00  4.32659515e-01  1.15000000e+00  1.80754254e-06  1.15000000e+00  3.48721418e-14  1.15000000e+00 -3.40068567e-14  1.15000000e+00 -1.62077254e-16 
 1.20000000e+00  1.21425490e-04  1.20000000e+00  4.81536200e-05  1.20000000e+00  4.32751633e-01  1.20000000e+00  2.35827329e-06  1.20000000e+00  3.50073499e-14  1.20000000e+00 -3.42570278e-14  1.20000000e+00 -2.08683411e-16 
 1.25000000e+00  1.27723684e-04  1.25000000e+00  5.43179997e-05  1.25000000e+00  4.32848787e-01  1.25000000e+00  3.21661041e-06  1.25000000e+00  3.51439962e-14  1.25000000e+00 -3.44913337e-14  1.25000000e+00 -2.70272010e-16 
 1.30000000e+00  1.33234416e-04  1.30000000e+00  6.07714179e-05  1.30000000e+00  4.32950464e-01  1.30000000e+00  4.61452317e-06  1.30000000e+00  3.52867529e-14  1.30000000e+00 -3.47091574e-14  1.30000000e+00 -3.52124405e-16 
 1.35000000e+00  1.37524941e-04  1.35000000e+00  6.74644354e-05  1.35000000e+00  4.33055880e-01  1.35000000e+00  6.94039558e-06  1.35000000e+00  3.54410455e-14  1.35000000e+00 -3.49086273e-14  1.35000000e+00 -4.61327432e-16 
 1.40000000e+00  1.40019066e-04  1.40000000e+00  7.43221588e-05  1.40000000e+00  4.33163852e-01  1.40000000e+00  1.07204593e-05  1.40000000e+00  3.56133246e-14  1.40000000e+00 -3.50864618e-14  1.40000000e+00 -6.07162540e-16 
 1.45000000e+00  1.40267095e-04  1.45000000e+00  8.12426223e-05  1.45000000e+00  4.33272774e-01  1.45000000e+00  1.63601713e-05  1.45000000e+00  3.58111606e-14  1.45000000e+00 -3.52378225e-14  1.45000000e+00 -8.01304686e-16 
 1.50000000e+00  1.38373619e-04  1.50000000e+00  8.81142388e-05  1.50000000e+00  4.33380889e-01  1.50000000e+00  2.37309152e-05  1.50000000e+00  3.60429866e-14  1.50000000e+00 -3.53563184e-14  1.50000000e+00 -1.05753303e-15 
 1.55000000e+00  1.34980324e-04  1.55000000e+00  9.48458220e-05  1.55000000e+00  4.33486764e-01  1.55000000e+00  3.21916772e-05  1.55000000e+00  3.63172697e-14  1.55000000e+00 -3.54343980e-14  1.55000000e+00 -1.39055297e-15 
 1.60000000e+00  1.30768350e-04  1.60000000e+00  1.01381323e-04  1.60000000e+00  4.33589521e-01  1.60000000e+00  4.10799917e-05  1.60000000e+00  3.66409697e-14  1.60000000e+00 -3.54643918e-14  1.60000000e+00 -1.81359014e-15 
 1.65000000e+00  1.26167406e-04  1.65000000e+00  1.07692685e-04  1.65000000e+00  4.33688720e-01  1.65000000e+00  4.99930757e-05  1.65000000e+00  3.70174459e-14  1.65000000e+00 -3.54402741e-14  1.65000000e+00 -2.33488094e-15 
 1.70000000e+00  1.21391741e-04  1.70000000e+00  1.13767376e-04  1.70000000e+00  4.33784170e-01  1.70000000e+00  5.87447098e-05  1.70000000e+00  3.74445071e-14  1.70000000e+00 -3.53597453e-14  1.70000000e+00 -2.95407839e-15 
 1.75000000e+00  1.16543282e-04  1.75000000e+00  1.19600306e-04  1.75000000e+00  4.33875793e-01  1.75000000e+00  6.72589079e-05  1.75000000e+00  3.79136590e-14  1.75000000e+00 -3.52257604e-14  1.75000000e+00 -3.66032121e-15 
 1.80000000e+00  1.11674824e-04  1.80000000e+00  1.25189998e-04  1.80000000e+00  4.33963569e-01  1.80000000e+00  7.55060677e-05  1.80000000e+00  3.84112518e-14  1.80000000e+00 -3.47062455e-14  1.80000000e+00 -4.43334736e-15 
