 5.00000000e-02  1.74006103e-10  5.00000000e-02  6.48985726e-12  5.00000000e-02  4.50808212e-01  5.00000000e-02  1.69359962e-12  5.00000000e-02  6.06934131e-15  5.00000000e-02 -1.63289335e-15  5.00000000e-02 -1.35033273e-19 
 1.00000000e-01  8.21081934e-10  1.00000000e-01  2.73555432e-11  1.00000000e-01  4.50808212e-01  1.00000000e-01  8.01761612e-12  1.00000000e-01  6.49529908e-15  1.00000000e-01 -2.33464775e-15  1.00000000e-01 -1.98700184e-19 
 1.50000000e-01  3.83060859e-09  1.50000000e-01  1.25185255e-10  1.50000000e-01  4.50808213e-01  1.50000000e-01  3.76627720e-11  1.50000000e-01  7.12154774e-15  1.50000000e-01 -3.26371594e-15  1.50000000e-01 -2.90784209e-19 
 2.00000000e-01  1.74544336e-08  2.00000000e-01  5.75547998e-10  2.00000000e-01  4.50808220e-01  2.00000000e-01  1.74026751e-10  2.00000000e-01  7.95737893e-15  2.00000000e-01 -4.43182188e-15  2.00000000e-01 -4.22097633e-19 
 2.50000000e-01  7.59444666e-08  2.50000000e-01  2.57445887e-09  2.50000000e-01  4.50808251e-01  2.50000000e-01  7.77148392e-10  2.50000000e-01  8.97945666e-15  2.50000000e-01 -5.81059674e-15  2.50000000e-01 -6.06062462e-19 
 3.00000000e-01  3.04891466e-07  3.00000000e-01  1.08772859e-08  3.00000000e-01  4.50808377e-01  3.00000000e-01  3.24644529e-09  3.00000000e-01  1.01257572e-14  3.00000000e-01 -7.32497825e-15  3.00000000e-01 -8.58540920e-19 
 3.50000000e-01  1.09183983e-06  3.50000000e-01  4.20365192e-08  3.50000000e-01  4.50808850e-01  3.50000000e-01  1.20525991e-08  3.50000000e-01  1.13064482e-14  3.50000000e-01 -8.86716458e-15  3.50000000e-01 -1.19752288e-18 
 4.00000000e-01  3.43540864e-06  4.00000000e-01  1.45372641e-07  4.00000000e-01  4.50810418e-01  4.00000000e-01  3.74633599e-08  4.00000000e-01  1.24293728e-14  4.00000000e-01 -1.03277909e-14  4.00000000e-01 -1.64299060e-18 
 4.50000000e-01  9.26080545e-06  4.50000000e-01  4.43372080e-07  4.50000000e-01  4.50814942e-01  4.50000000e-01  9.37006397e-08  4.50000000e-01  1.34256421e-14  4.50000000e-01 -1.16265405e-14  4.50000000e-01 -2.21730991e-18 
 5.00000000e-01  2.02478782e-05  5.00000000e-01  1.15818316e-06  5.00000000e-01  4.50825793e-01  5.00000000e-01  1.89117544e-07  5.00000000e-01  1.42615380e-14  5.00000000e-01 -1.27257817e-14  5.00000000e-01 -2.94634556e-18 
 5.50000000e-01  3.54670998e-05  5.50000000e-01  2.53556957e-06  5.50000000e-01  4.50846701e-01  5.50000000e-01  3.19961820e-07  5.50000000e-01  1.49349146e-14  5.50000000e-01 -1.36255490e-14  5.50000000e-01 -3.86127662e-18 
 6.00000000e-01  5.22362850e-05  6.00000000e-01  4.71846366e-06  6.00000000e-01  4.50879833e-01  6.00000000e-01  4.76547191e-07  6.00000000e-01  1.54635228e-14  6.00000000e-01 -1.43491298e-14  6.00000000e-01 -5.00093048e-18 
 6.50000000e-01  6.87498705e-05  6.50000000e-01  7.73039918e-06  6.50000000e-01  4.50925543e-01  6.50000000e-01  6.51633903e-07  6.50000000e-01  1.58732501e-14  6.50000000e-01 -1.49288766e-14  6.50000000e-01 -6.41458271e-18 
 7.00000000e-01  8.45225045e-05  7.00000000e-01  1.15405871e-05  7.00000000e-01  4.50983357e-01  7.00000000e-01  8.42895780e-07  7.00000000e-01  1.61902687e-14  7.00000000e-01 -1.53968966e-14  7.00000000e-01 -8.16545008e-18 
 7.50000000e-01  9.96190879e-05  7.50000000e-01  1.61111665e-05  7.50000000e-01  4.51052696e-01  7.50000000e-01  1.05184236e-06  7.50000000e-01  1.64372643e-14  7.50000000e-01 -1.57806918e-14  7.50000000e-01 -1.03352360e-17 
 8.00000000e-01  1.14156086e-04  8.00000000e-01  2.14100881e-05  8.00000000e-01  4.51133064e-01  8.00000000e-01  1.28251702e-06  8.00000000e-01  1.66323471e-14  8.00000000e-01 -1.61020007e-14  8.00000000e-01 -1.30301803e-17 
 8.50000000e-01  1.28175368e-04  8.50000000e-01  2.74094696e-05  8.50000000e-01  4.51224032e-01  8.50000000e-01  1.54088000e-06  8.50000000e-01  1.67892779e-14  8.50000000e-01 -1.63771766e-14  8.50000000e-01 -1.63892360e-17 
 9.00000000e-01  1.41659523e-04  9.00000000e-01  3.40820335e-05  9.00000000e-01  4.51325176e-01  9.00000000e-01  1.83475454e-06  9.00000000e-01  1.69183171e-14  9.00000000e-01 -1.66182460e-14  9.00000000e-01 -2.05952702e-17 
 9.50000000e-01  1.54565689e-04  9.50000000e-01  4.13990399e-05  9.50000000e-01  4.51436051e-01  9.50000000e-01  2.17413375e-06  9.50000000e-01  1.70269601e-14  9.50000000e-01 -1.68338316e-14  9.50000000e-01 -2.58905376e-17 
 1.00000000e+00  1.66848651e-04  1.00000000e+00  4.93296643e-05  1.00000000e+00  4.51556181e-01  1.00000000e+00  2.57176258e-06  1.00000000e+00  1.71207005e-14  1.00000000e+00 -1.70300560e-14  1.00000000e+00 -3.25981810e-17 
 1.05000000e+00  1.78471256e-04  1.05000000e+00  5.78411779e-05  1.05000000e+00  4.51685058e-01  1.05000000e+00  3.04401048e-06  1.05000000e+00  1.72036165e-14  1.05000000e+00 -1.72112177e-14  1.05000000e+00 -4.11522450e-17 
 1.10000000e+00  1.89406958e-04  1.10000000e+00  6.68994209e-05  1.10000000e+00  4.51822156e-01  1.10000000e+00  3.61212162e-06  1.10000000e+00  1.72788233e-14  1.10000000e+00 -1.73802836e-14  1.10000000e+00 -5.21396369e-17 
 1.15000000e+00  1.99638200e-04  1.15000000e+00  7.64692797e-05  1.15000000e+00  4.51966933e-01  1.15000000e+00  4.30399791e-06  1.15000000e+00  1.73488178e-14  1.15000000e+00 -1.75392287e-14  1.15000000e+00 -6.63586895e-17 
 1.20000000e+00  2.09152679e-04  1.20000000e+00  8.65150202e-05  1.20000000e+00  4.52118837e-01  1.20000000e+00  5.15675340e-06  1.20000000e+00  1.74157477e-14  1.20000000e+00 -1.76892537e-14  1.20000000e+00 -8.49003346e-17 
 1.25000000e+00  2.17938360e-04  1.25000000e+00  9.70004016e-05  1.25000000e+00  4.52277311e-01  1.25000000e+00  6.22039491e-06  1.25000000e+00  1.74816320e-14  1.25000000e+00 -1.78309056e-14  1.25000000e+00 -1.09258952e-16 
 1.30000000e+00  2.25977379e-04  1.30000000e+00  1.07888514e-04  1.30000000e+00  4.52441788e-01  1.30000000e+00  7.56314437e-06  1.30000000e+00  1.75485535e-14  1.30000000e+00 -1.79641177e-14  1.30000000e+00 -1.41479587e-16 
 1.35000000e+00  2.33238533e-04  1.35000000e+00  1.19141282e-04  1.35000000e+00  4.52611683e-01  1.35000000e+00  9.27912663e-06  1.35000000e+00  1.76188377e-14  1.35000000e+00 -1.80881811e-14  1.35000000e+00 -1.84343883e-16 
 1.40000000e+00  2.39667754e-04  1.40000000e+00  1.30718546e-04  1.40000000e+00  4.52786381e-01  1.40000000e+00  1.14993618e-05  1.40000000e+00  1.76952170e-14  1.40000000e+00 -1.82016604e-14  1.40000000e+00 -2.41583964e-16 
 1.45000000e+00  2.45175857e-04  1.45000000e+00  1.42576613e-04  1.45000000e+00  4.52965217e-01  1.45000000e+00  1.44070643e-05  1.45000000e+00  1.77809597e-14  1.45000000e+00 -1.83022793e-14  1.45000000e+00 -3.18083950e-16 
 1.50000000e+00  2.49623152e-04  1.50000000e+00  1.54666119e-04  1.50000000e+00  4.53147439e-01  1.50000000e+00  1.82576804e-05  1.50000000e+00  1.78799080e-14  1.50000000e+00 -1.83868311e-14  1.50000000e+00 -4.19974920e-16 
 1.55000000e+00  2.52802002e-04  1.55000000e+00  1.66929084e-04  1.55000000e+00  4.53332168e-01  1.55000000e+00  2.34016950e-05  1.55000000e+00  1.79963278e-14  1.55000000e+00 -1.84512154e-14  1.55000000e+00 -5.54453761e-16 
 1.60000000e+00  2.54422705e-04  1.60000000e+00  1.79295170e-04  1.60000000e+00  4.53518341e-01  1.60000000e+00  3.03015666e-05  1.60000000e+00  1.81344459e-14  1.60000000e+00 -1.84907563e-14  1.60000000e+00 -7.29097137e-16 
 1.65000000e+00  2.54117260e-04  1.65000000e+00  1.91677654e-04  1.65000000e+00  4.53704651e-01  1.65000000e+00  3.95199616e-05  1.65000000e+00  1.82976031e-14  1.65000000e+00 -1.85009501e-14  1.65000000e+00 -9.50496933e-16 
 1.70000000e+00  2.51489084e-04  1.70000000e+00  2.03970694e-04  1.70000000e+00  4.53889507e-01  1.70000000e+00  5.16362572e-05  1.70000000e+00  1.84871394e-14  1.70000000e+00 -1.84786405e-14  1.70000000e+00 -1.22233608e-15 
 1.75000000e+00  2.46240180e-04  1.75000000e+00  2.16051041e-04  1.75000000e+00  4.54071059e-01  1.75000000e+00  6.70452455e-05  1.75000000e+00  1.87014250e-14  1.75000000e+00 -1.84233042e-14  1.75000000e+00 -1.54353104e-15 
 1.80000000e+00  2.38363791e-04  1.80000000e+00  2.27788031e-04  1.80000000e+00  4.54247351e-01  1.80000000e+00  8.56636192e-05  1.80000000e+00  1.89356044e-14  1.80000000e+00 -1.81412656e-14  1.80000000e+00 -1.90742308e-15 
