 5.00000000e-02  1.20894069e-10  5.00000000e-02  4.71964134e-12  5.00000000e-02  4.34093359e-01  5.00000000e-02  9.25405021e-13  5.00000000e-02  1.17743200e-14  5.00000000e-02 -3.26680897e-15  5.00000000e-02 -2.81733768e-19 
 1.00000000e-01  5.84957214e-10  1.00000000e-01  1.94479554e-11  1.00000000e-01  4.34093359e-01  1.00000000e-01  4.49555616e-12  1.00000000e-01  1.26578102e-14  1.00000000e-01 -4.67076549e-15  1.00000000e-01 -4.16569672e-19 
 1.50000000e-01  2.79040971e-09  1.50000000e-01  9.01421732e-11  1.50000000e-01  4.34093360e-01  1.50000000e-01  2.16272991e-11  1.50000000e-01  1.39225333e-14  1.50000000e-01 -6.51066813e-15  1.50000000e-01 -6.11900319e-19 
 2.00000000e-01  1.29245113e-08  2.00000000e-01  4.21783958e-10  2.00000000e-01  4.34093365e-01  2.00000000e-01  1.01895208e-10  2.00000000e-01  1.55696526e-14  2.00000000e-01 -8.78770665e-15  2.00000000e-01 -8.90457416e-19 
 2.50000000e-01  5.65647575e-08  2.50000000e-01  1.90884868e-09  2.50000000e-01  4.34093389e-01  2.50000000e-01  4.59795045e-10  2.50000000e-01  1.75314397e-14  2.50000000e-01 -1.14185943e-14  2.50000000e-01 -1.28014640e-18 
 3.00000000e-01  2.25357915e-07  3.00000000e-01  8.07034621e-09  3.00000000e-01  4.34093486e-01  3.00000000e-01  1.90928436e-09  3.00000000e-01  1.96691713e-14  3.00000000e-01 -1.42345281e-14  3.00000000e-01 -1.81361034e-18 
 3.50000000e-01  7.94641992e-07  3.50000000e-01  3.08924380e-08  3.50000000e-01  4.34093845e-01  3.50000000e-01  6.88252595e-09  3.50000000e-01  2.18058444e-14  3.50000000e-01 -1.70223243e-14  3.50000000e-01 -2.52768698e-18 
 4.00000000e-01  2.45269528e-06  4.00000000e-01  1.05315787e-07  4.00000000e-01  4.34095015e-01  4.00000000e-01  2.03133806e-08  4.00000000e-01  2.37795062e-14  4.00000000e-01 -1.95895208e-14  4.00000000e-01 -3.46346529e-18 
 4.50000000e-01  6.35315866e-06  4.50000000e-01  3.13723725e-07  4.50000000e-01  4.34098293e-01  4.50000000e-01  4.77975600e-08  4.50000000e-01  2.54852057e-14  4.50000000e-01 -2.18143805e-14  4.50000000e-01 -4.66755598e-18 
 5.00000000e-01  1.30898692e-05  5.00000000e-01  7.88482131e-07  5.00000000e-01  4.34105760e-01  5.00000000e-01  9.13203436e-08  5.00000000e-01  2.68855305e-14  5.00000000e-01 -2.36572114e-14  5.00000000e-01 -6.19479372e-18 
 5.50000000e-01  2.17427630e-05  5.50000000e-01  1.65313219e-06  5.50000000e-01  4.34119359e-01  5.50000000e-01  1.48290633e-07  5.50000000e-01  2.79951050e-14  5.50000000e-01 -2.51404412e-14  5.50000000e-01 -8.11220826e-18 
 6.00000000e-01  3.09719907e-05  6.00000000e-01  2.96756699e-06  6.00000000e-01  4.34140031e-01  6.00000000e-01  2.14859770e-07  6.00000000e-01  2.88563826e-14  6.00000000e-01 -2.63188284e-14  6.00000000e-01 -1.05040207e-17 
 6.50000000e-01  4.01306602e-05  6.50000000e-01  4.74044161e-06  6.50000000e-01  4.34167910e-01  6.50000000e-01  2.88630124e-07  6.50000000e-01  2.95197680e-14  6.50000000e-01 -2.72554556e-14  6.50000000e-01 -1.34777713e-17 
 7.00000000e-01  4.91373868e-05  7.00000000e-01  6.96416150e-06  7.00000000e-01  4.34202876e-01  7.00000000e-01  3.69067117e-07  7.00000000e-01  3.00321551e-14  7.00000000e-01 -2.80081500e-14  7.00000000e-01 -1.71721000e-17 
 7.50000000e-01  5.80726511e-05  7.50000000e-01  9.63238817e-06  7.50000000e-01  4.34244825e-01  7.50000000e-01  4.57048510e-07  7.50000000e-01  3.04323267e-14  7.50000000e-01 -2.86242338e-14  7.50000000e-01 -2.17669577e-17 
 8.00000000e-01  6.69986034e-05  8.00000000e-01  1.27426577e-05  8.00000000e-01  4.34293717e-01  8.00000000e-01  5.54572444e-07  8.00000000e-01  3.07503172e-14  8.00000000e-01 -2.91399999e-14  8.00000000e-01 -2.74973045e-17 
 8.50000000e-01  7.59304764e-05  8.50000000e-01  1.62943981e-05  8.50000000e-01  4.34349540e-01  8.50000000e-01  6.64833307e-07  8.50000000e-01  3.10084700e-14  8.50000000e-01 -2.95821603e-14  8.50000000e-01 -3.46717626e-17 
 9.00000000e-01  8.48514480e-05  9.00000000e-01  2.02869152e-05  9.00000000e-01  4.34412278e-01  9.00000000e-01  7.92664042e-07  9.00000000e-01  3.12232304e-14  9.00000000e-01 -2.99700571e-14  9.00000000e-01 -4.36983081e-17 
 9.50000000e-01  9.37276939e-05  9.50000000e-01  2.47182063e-05  9.50000000e-01  4.34481896e-01  9.50000000e-01  9.45419092e-07  9.50000000e-01  3.14065131e-14  9.50000000e-01 -3.03173729e-14  9.50000000e-01 -5.51199030e-17 
 1.00000000e+00  1.02516612e-04  1.00000000e+00  2.95843577e-05  1.00000000e+00  4.34558328e-01  1.00000000e+00  1.13454657e-06  1.00000000e+00  3.15670436e-14  1.00000000e+00 -3.06337129e-14  1.00000000e+00 -6.96641243e-17 
 1.05000000e+00  1.11168331e-04  1.05000000e+00  3.48791771e-05  1.05000000e+00  4.34641472e-01  1.05000000e+00  1.37839059e-06  1.05000000e+00  3.17113547e-14  1.05000000e+00 -3.09257406e-14  1.05000000e+00 -8.83124785e-17 
 1.10000000e+00  1.19621679e-04  1.10000000e+00  4.05937604e-05  1.10000000e+00  4.34731182e-01  1.10000000e+00  1.70731101e-06  1.10000000e+00  3.18445427e-14  1.10000000e+00 -3.11979800e-14  1.10000000e+00 -1.12397121e-16 
 1.15000000e+00  1.27793754e-04  1.15000000e+00  4.67157081e-05  1.15000000e+00  4.34827259e-01  1.15000000e+00  2.17327636e-06  1.15000000e+00  3.19708459e-14  1.15000000e+00 -3.14533525e-14  1.15000000e+00 -1.43735059e-16 
 1.20000000e+00  1.35559412e-04  1.20000000e+00  5.32275945e-05  1.20000000e+00  4.34929422e-01  1.20000000e+00  2.86806514e-06  1.20000000e+00  3.20941041e-14  1.20000000e+00 -3.16935061e-14  1.20000000e+00 -1.84811975e-16 
 1.25000000e+00  1.42713628e-04  1.25000000e+00  6.01040315e-05  1.25000000e+00  4.35037268e-01  1.25000000e+00  3.95703933e-06  1.25000000e+00  3.22181453e-14  1.25000000e+00 -3.19189798e-14  1.25000000e+00 -2.39027792e-16 
 1.30000000e+00  1.48910241e-04  1.30000000e+00  6.73062883e-05  1.30000000e+00  4.35150184e-01  1.30000000e+00  5.73503045e-06  1.30000000e+00  3.23471330e-14  1.30000000e+00 -3.21292354e-14  1.30000000e+00 -3.11010064e-16 
 1.35000000e+00  1.53597319e-04  1.35000000e+00  7.47735865e-05  1.35000000e+00  4.35267211e-01  1.35000000e+00  8.68613706e-06  1.35000000e+00  3.24858821e-14  1.35000000e+00 -3.23225817e-14  1.35000000e+00 -4.06981258e-16 
 1.40000000e+00  1.56070673e-04  1.40000000e+00  8.24133365e-05  1.40000000e+00  4.35386896e-01  1.40000000e+00  1.34332620e-05  1.40000000e+00  3.26401157e-14  1.40000000e+00 -3.24960295e-14  1.40000000e+00 -5.35120178e-16 
 1.45000000e+00  1.55858869e-04  1.45000000e+00  9.01017025e-05  1.45000000e+00  4.35507295e-01  1.45000000e+00  2.03742879e-05  1.45000000e+00  3.28165761e-14  1.45000000e+00 -3.26451404e-14  1.45000000e+00 -7.05776818e-16 
 1.50000000e+00  1.53232510e-04  1.50000000e+00  9.77090487e-05  1.50000000e+00  4.35626380e-01  1.50000000e+00  2.92037742e-05  1.50000000e+00  3.30228441e-14  1.50000000e+00 -3.27639956e-14  1.50000000e+00 -9.31291364e-16 
 1.55000000e+00  1.49050047e-04  1.55000000e+00  1.05136629e-04  1.55000000e+00  4.35742607e-01  1.55000000e+00  3.90758249e-05  1.55000000e+00  3.32666740e-14  1.55000000e+00 -3.28455006e-14  1.55000000e+00 -1.22506542e-15 
 1.60000000e+00  1.44101378e-04  1.60000000e+00  1.12329175e-04  1.60000000e+00  4.35855114e-01  1.60000000e+00  4.92407371e-05  1.60000000e+00  3.35546951e-14  1.60000000e+00 -3.28822876e-14  1.60000000e+00 -1.59954582e-15 
 1.65000000e+00  1.38831320e-04  1.65000000e+00  1.19262131e-04  1.65000000e+00  4.35963522e-01  1.65000000e+00  5.92996248e-05  1.65000000e+00  3.38905630e-14  1.65000000e+00 -3.28683162e-14  1.65000000e+00 -2.06313987e-15 
 1.70000000e+00  1.33439203e-04  1.70000000e+00  1.25926214e-04  1.70000000e+00  4.36067690e-01  1.70000000e+00  6.90945066e-05  1.70000000e+00  3.42731154e-14  1.70000000e+00 -3.28008552e-14  1.70000000e+00 -2.61686153e-15 
 1.75000000e+00  1.28011190e-04  1.75000000e+00  1.32318728e-04  1.75000000e+00  4.36167581e-01  1.75000000e+00  7.85739934e-05  1.75000000e+00  3.46954709e-14  1.75000000e+00 -3.26820622e-14  1.75000000e+00 -3.25224438e-15 
 1.80000000e+00  1.22589359e-04  1.80000000e+00  1.38439900e-04  1.80000000e+00  4.36263201e-01  1.80000000e+00  8.77251878e-05  1.80000000e+00  3.51458026e-14  1.80000000e+00 -3.21895289e-14  1.80000000e+00 -3.95190823e-15 
