 5.00000000e-02  1.51360540e-10  5.00000000e-02  5.69759517e-12  5.00000000e-02  4.46291087e-01  5.00000000e-02  1.35748208e-12  5.00000000e-02  7.10470008e-15  5.00000000e-02 -1.92967634e-15  5.00000000e-02 -1.57870677e-19 
 1.00000000e-01  7.29174533e-10  1.00000000e-01  2.40853015e-11  1.00000000e-01  4.46291087e-01  1.00000000e-01  6.56243948e-12  1.00000000e-01  7.61990842e-15  1.00000000e-01 -2.77040851e-15  1.00000000e-01 -2.33333597e-19 
 1.50000000e-01  3.46952400e-09  1.50000000e-01  1.12050336e-10  1.50000000e-01  4.46291088e-01  1.50000000e-01  3.14576874e-11  1.50000000e-01  8.37576572e-15  1.50000000e-01 -3.88553693e-15  1.50000000e-01 -3.42859071e-19 
 2.00000000e-01  1.60870492e-08  2.00000000e-01  5.24517060e-10  2.00000000e-01  4.46291094e-01  2.00000000e-01  1.48087244e-10  2.00000000e-01  9.38191198e-15  2.00000000e-01 -5.28738511e-15  2.00000000e-01 -4.99475983e-19 
 2.50000000e-01  7.09030865e-08  2.50000000e-01  2.38248412e-09  2.50000000e-01  4.46291123e-01  2.50000000e-01  6.71348765e-10  2.50000000e-01  1.06070234e-14  2.50000000e-01 -6.93797072e-15  2.50000000e-01 -7.19310154e-19 
 3.00000000e-01  2.86305682e-07  3.00000000e-01  1.01666570e-08  3.00000000e-01  4.46291242e-01  3.00000000e-01  2.82761195e-09  3.00000000e-01  1.19724619e-14  3.00000000e-01 -8.74216028e-15  3.00000000e-01 -1.02132805e-18 
 3.50000000e-01  1.02402768e-06  3.50000000e-01  3.94180525e-08  3.50000000e-01  4.46291690e-01  3.50000000e-01  1.04733158e-08  3.50000000e-01  1.33675912e-14  3.50000000e-01 -1.05671102e-14  3.50000000e-01 -1.42692016e-18 
 4.00000000e-01  3.20286598e-06  4.00000000e-01  1.36035532e-07  4.00000000e-01  4.46293169e-01  4.00000000e-01  3.21206448e-08  4.00000000e-01  1.46823456e-14  4.00000000e-01 -1.22820530e-14  4.00000000e-01 -1.95973594e-18 
 4.50000000e-01  8.51948957e-06  4.50000000e-01  4.11937755e-07  4.50000000e-01  4.46297393e-01  4.50000000e-01  7.87878158e-08  4.50000000e-01  1.58378741e-14  4.50000000e-01 -1.37949533e-14  4.50000000e-01 -2.64619108e-18 
 5.00000000e-01  1.82593025e-05  5.00000000e-01  1.06240347e-06  5.00000000e-01  4.46307350e-01  5.00000000e-01  1.56073412e-07  5.00000000e-01  1.67988821e-14  5.00000000e-01 -1.50665756e-14  5.00000000e-01 -3.51685078e-18 
 5.50000000e-01  3.14011026e-05  5.50000000e-01  2.29191880e-06  5.50000000e-01  4.46326172e-01  5.50000000e-01  2.60369238e-07  5.50000000e-01  1.75671972e-14  5.50000000e-01 -1.61019749e-14  5.50000000e-01 -4.60861697e-18 
 6.00000000e-01  4.56869786e-05  6.00000000e-01  4.21191009e-06  6.00000000e-01  4.46355560e-01  6.00000000e-01  3.84349064e-07  6.00000000e-01  1.81667267e-14  6.00000000e-01 -1.69320085e-14  6.00000000e-01 -5.96749799e-18 
 6.50000000e-01  5.97354698e-05  6.50000000e-01  6.83791580e-06  6.50000000e-01  4.46395751e-01  6.50000000e-01  5.23051683e-07  6.50000000e-01  1.86294477e-14  6.50000000e-01 -1.75964480e-14  6.50000000e-01 -7.65192318e-18 
 7.00000000e-01  7.32136971e-05  7.00000000e-01  1.01453977e-05  7.00000000e-01  4.46446365e-01  7.00000000e-01  6.75321621e-07  7.00000000e-01  1.89865763e-14  7.00000000e-01 -1.81335116e-14  7.00000000e-01 -9.73687196e-18 
 7.50000000e-01  8.61824344e-05  7.50000000e-01  1.41056322e-05  7.50000000e-01  4.46506957e-01  7.50000000e-01  8.42885904e-07  7.50000000e-01  1.92646065e-14  7.50000000e-01 -1.85752945e-14  7.50000000e-01 -1.23192315e-17 
 8.00000000e-01  9.87242533e-05  8.00000000e-01  1.86943606e-05  8.00000000e-01  4.46577151e-01  8.00000000e-01  1.02942768e-06  8.00000000e-01  1.94843788e-14  8.00000000e-01 -1.89468102e-14  8.00000000e-01 -1.55249168e-17 
 8.50000000e-01  1.10860691e-04  8.50000000e-01  2.38900391e-05  8.50000000e-01  4.46656611e-01  8.50000000e-01  1.24020136e-06  8.50000000e-01  1.96615509e-14  8.50000000e-01 -1.92666714e-14  8.50000000e-01 -1.95184879e-17 
 9.00000000e-01  1.22569308e-04  9.00000000e-01  2.96710789e-05  9.00000000e-01  4.46744999e-01  9.00000000e-01  1.48206785e-06  9.00000000e-01  1.98077000e-14  9.00000000e-01 -1.95484498e-14  9.00000000e-01 -2.45163123e-17 
 9.50000000e-01  1.33810369e-04  9.50000000e-01  3.60143614e-05  9.50000000e-01  4.46841956e-01  9.50000000e-01  1.76380757e-06  9.50000000e-01  1.99312265e-14  9.50000000e-01 -1.98018047e-14  9.50000000e-01 -3.08047242e-17 
 1.00000000e+00  1.44544114e-04  1.00000000e+00  4.28948607e-05  1.00000000e+00  4.46947091e-01  1.00000000e+00  2.09666319e-06  1.00000000e+00  2.00382590e-14  1.00000000e+00 -2.00335509e-14  1.00000000e+00 -3.87652154e-17 
 1.05000000e+00  1.54738142e-04  1.05000000e+00  5.02858562e-05  1.05000000e+00  4.47059987e-01  1.05000000e+00  2.49514180e-06  1.05000000e+00  2.01333361e-14  1.05000000e+00 -2.02484434e-14  1.05000000e+00 -4.89095255e-17 
 1.10000000e+00  1.64368855e-04  1.10000000e+00  5.81593411e-05  1.10000000e+00  4.47180209e-01  1.10000000e+00  2.97816413e-06  1.10000000e+00  2.02199256e-14  1.10000000e+00 -2.04497406e-14  1.10000000e+00 -6.19285809e-17 
 1.15000000e+00  1.73419763e-04  1.15000000e+00  6.64864125e-05  1.15000000e+00  4.47307309e-01  1.15000000e+00  3.57070978e-06  1.15000000e+00  2.03008161e-14  1.15000000e+00 -2.06395875e-14  1.15000000e+00 -7.87605969e-17 
 1.20000000e+00  1.81878132e-04  1.20000000e+00  7.52375270e-05  1.20000000e+00  4.47440825e-01  1.20000000e+00  4.30618603e-06  1.20000000e+00  2.03784211e-14  1.20000000e+00 -2.08192575e-14  1.20000000e+00 -1.00685147e-16 
 1.25000000e+00  1.89730541e-04  1.25000000e+00  8.43825617e-05  1.25000000e+00  4.47580293e-01  1.25000000e+00  5.22985987e-06  1.25000000e+00  2.04550275e-14  1.25000000e+00 -2.09892828e-14  1.25000000e+00 -1.29451081e-16 
 1.30000000e+00  1.96957355e-04  1.30000000e+00  9.38906267e-05  1.30000000e+00  4.47725232e-01  1.30000000e+00  6.40384979e-06  1.30000000e+00  2.05330119e-14  1.30000000e+00 -2.11494919e-14  1.30000000e+00 -1.67445522e-16 
 1.35000000e+00  2.03525772e-04  1.35000000e+00  1.03729570e-04  1.35000000e+00  4.47875145e-01  1.35000000e+00  7.91437845e-06  1.35000000e+00  2.06150412e-14  1.35000000e+00 -2.12989701e-14  1.35000000e+00 -2.17905853e-16 
 1.40000000e+00  2.09380810e-04  1.40000000e+00  1.13865088e-04  1.40000000e+00  4.48029504e-01  1.40000000e+00  9.88219858e-06  1.40000000e+00  2.07042557e-14  1.40000000e+00 -2.14359574e-14  1.40000000e+00 -2.85161153e-16 
 1.45000000e+00  2.14433551e-04  1.45000000e+00  1.24259330e-04  1.45000000e+00  4.48187726e-01  1.45000000e+00  1.24771580e-05  1.45000000e+00  2.08044100e-14  1.45000000e+00 -2.15577149e-14  1.45000000e+00 -3.74855503e-16 
 1.50000000e+00  2.18546249e-04  1.50000000e+00  1.34868832e-04  1.50000000e+00  4.48349143e-01  1.50000000e+00  1.59372648e-05  1.50000000e+00  2.09199083e-14  1.50000000e+00 -2.16604239e-14  1.50000000e+00 -4.94044635e-16 
 1.55000000e+00  2.21515544e-04  1.55000000e+00  1.45641682e-04  1.55000000e+00  4.48512963e-01  1.55000000e+00  2.05900958e-05  1.55000000e+00  2.10556226e-14  1.55000000e+00 -2.17392394e-14  1.55000000e+00 -6.50973776e-16 
 1.60000000e+00  2.23059598e-04  1.60000000e+00  1.56513911e-04  1.60000000e+00  4.48678208e-01  1.60000000e+00  2.68674206e-05  1.60000000e+00  2.12163590e-14  1.60000000e+00 -2.17886725e-14  1.60000000e+00 -8.54282145e-16 
 1.65000000e+00  2.22824651e-04  1.65000000e+00  1.67405710e-04  1.65000000e+00  4.48843666e-01  1.65000000e+00  3.52893219e-05  1.65000000e+00  2.14058938e-14  1.65000000e+00 -2.18034696e-14  1.65000000e+00 -1.11144754e-15 
 1.70000000e+00  2.20439972e-04  1.70000000e+00  1.78219105e-04  1.70000000e+00  4.49007848e-01  1.70000000e+00  4.63745707e-05  1.70000000e+00  2.16257196e-14  1.70000000e+00 -2.17799774e-14  1.70000000e+00 -1.42661573e-15 
 1.75000000e+00  2.15650235e-04  1.75000000e+00  1.88840357e-04  1.75000000e+00  4.49169030e-01  1.75000000e+00  6.04365111e-05  1.75000000e+00  2.18739618e-14  1.75000000e+00 -2.17176227e-14  1.75000000e+00 -1.79852110e-15 
 1.80000000e+00  2.08502157e-04  1.80000000e+00  1.99150642e-04  1.80000000e+00  4.49325416e-01  1.80000000e+00  7.73072571e-05  1.80000000e+00  2.21450991e-14  1.80000000e+00 -2.13789902e-14  1.80000000e+00 -2.21958981e-15 
