 5.00000000e-02  1.29553096e-10  5.00000000e-02  4.97525285e-12  5.00000000e-02  4.39445191e-01  5.00000000e-02  1.04989557e-12  5.00000000e-02  9.34736097e-15  5.00000000e-02 -2.57061698e-15  5.00000000e-02 -2.13465140e-19 
 1.00000000e-01  6.31423539e-10  1.00000000e-01  2.08298916e-11  1.00000000e-01  4.39445191e-01  1.00000000e-01  5.13648054e-12  1.00000000e-01  1.00448599e-14  1.00000000e-01 -3.69199366e-15  1.00000000e-01 -3.16247828e-19 
 1.50000000e-01  3.03587003e-09  1.50000000e-01  9.75113011e-11  1.50000000e-01  4.39445193e-01  1.50000000e-01  2.48968938e-11  1.50000000e-01  1.10572631e-14  1.50000000e-01 -5.17369108e-15  1.50000000e-01 -4.65572322e-19 
 2.00000000e-01  1.41873748e-08  2.00000000e-01  4.60299335e-10  2.00000000e-01  4.39445198e-01  2.00000000e-01  1.18285386e-10  2.00000000e-01  1.23916729e-14  2.00000000e-01 -7.02481153e-15  2.00000000e-01 -6.79162084e-19 
 2.50000000e-01  6.27320997e-08  2.50000000e-01  2.10290151e-09  2.50000000e-01  4.39445224e-01  2.50000000e-01  5.39075743e-10  2.50000000e-01  1.39991173e-14  2.50000000e-01 -9.18564353e-15  2.50000000e-01 -9.78847297e-19 
 3.00000000e-01  2.52602867e-07  3.00000000e-01  8.98135263e-09  3.00000000e-01  4.39445331e-01  3.00000000e-01  2.26630519e-09  3.00000000e-01  1.57694578e-14  3.00000000e-01 -1.15226257e-14  3.00000000e-01 -1.39018177e-18 
 3.50000000e-01  8.97864969e-07  3.50000000e-01  3.46943806e-08  3.50000000e-01  4.39445730e-01  3.50000000e-01  8.29530374e-09  3.50000000e-01  1.75557016e-14  3.50000000e-01 -1.38589669e-14  3.50000000e-01 -1.94190501e-18 
 4.00000000e-01  2.78790109e-06  4.00000000e-01  1.19069308e-07  4.00000000e-01  4.39447041e-01  4.00000000e-01  2.49157269e-08  4.00000000e-01  1.92184394e-14  4.00000000e-01 -1.60288955e-14  4.00000000e-01 -2.66582454e-18 
 4.50000000e-01  7.30664778e-06  4.50000000e-01  3.57393902e-07  4.50000000e-01  4.39450743e-01  4.50000000e-01  5.96812597e-08  4.50000000e-01  2.06636207e-14  4.50000000e-01 -1.79228004e-14  4.50000000e-01 -3.59765100e-18 
 5.00000000e-01  1.53238041e-05  5.00000000e-01  9.08671631e-07  5.00000000e-01  4.39459306e-01  5.00000000e-01  1.15871078e-07  5.00000000e-01  2.18544105e-14  5.00000000e-01 -1.95004652e-14  5.00000000e-01 -4.77899486e-18 
 5.50000000e-01  2.58813809e-05  5.50000000e-01  1.93013538e-06  5.50000000e-01  4.39475172e-01  5.50000000e-01  1.90670273e-07  5.50000000e-01  2.27997002e-14  5.50000000e-01 -2.07762558e-14  5.50000000e-01 -6.26038759e-18 
 6.00000000e-01  3.73149323e-05  6.00000000e-01  3.50474003e-06  6.00000000e-01  4.39499628e-01  6.00000000e-01  2.79260447e-07  6.00000000e-01  2.35337410e-14  6.00000000e-01 -2.17941128e-14  6.00000000e-01 -8.10507222e-18 
 6.50000000e-01  4.87305834e-05  6.50000000e-01  5.64876954e-06  6.50000000e-01  4.39532926e-01  6.50000000e-01  3.78642354e-07  6.50000000e-01  2.40987128e-14  6.50000000e-01 -2.26065292e-14  6.50000000e-01 -1.03935830e-17 
 7.00000000e-01  5.99673485e-05  7.00000000e-01  8.35438379e-06  7.00000000e-01  4.39574939e-01  7.00000000e-01  4.88421493e-07  7.00000000e-01  2.45343993e-14  7.00000000e-01 -2.32623129e-14  7.00000000e-01 -1.32294953e-17 
 7.50000000e-01  7.11022402e-05  7.50000000e-01  1.16133384e-05  7.50000000e-01  4.39625538e-01  7.50000000e-01  6.10289319e-07  7.50000000e-01  2.48739070e-14  7.50000000e-01 -2.38016715e-14  7.50000000e-01 -1.67469199e-17 
 8.00000000e-01  8.22051876e-05  8.00000000e-01  1.54215241e-05  8.00000000e-01  4.39684655e-01  8.00000000e-01  7.47651748e-07  8.00000000e-01  2.51429427e-14  8.00000000e-01 -2.42555408e-14  8.00000000e-01 -2.11205076e-17 
 8.50000000e-01  9.32919523e-05  8.50000000e-01  1.97769477e-05  8.50000000e-01  4.39752252e-01  8.50000000e-01  9.05737582e-07  8.50000000e-01  2.53606453e-14  8.50000000e-01 -2.46467241e-14  8.50000000e-01 -2.65790206e-17 
 9.00000000e-01  1.04339138e-04  9.00000000e-01  2.46773300e-05  9.00000000e-01  4.39828291e-01  9.00000000e-01  1.09218118e-06  9.00000000e-01  2.55410843e-14  9.00000000e-01 -2.49917360e-14  9.00000000e-01 -3.34239721e-17 
 9.50000000e-01  1.15302574e-04  9.50000000e-01  3.01186526e-05  9.50000000e-01  4.39912701e-01  9.50000000e-01  1.31813680e-06  9.50000000e-01  2.56944308e-14  9.50000000e-01 -2.53022595e-14  9.50000000e-01 -4.20554213e-17 
 1.00000000e+00  1.26128103e-04  1.00000000e+00  3.60944416e-05  1.00000000e+00  4.40005377e-01  1.00000000e+00  1.60015726e-06  1.00000000e+00  2.58280997e-14  1.00000000e+00 -2.55864947e-14  1.00000000e+00 -5.30078440e-17 
 1.05000000e+00  1.36754456e-04  1.05000000e+00  4.25953790e-05  1.05000000e+00  4.40106167e-01  1.05000000e+00  1.96333003e-06  1.05000000e+00  2.59476003e-14  1.05000000e+00 -2.58501313e-14  1.05000000e+00 -6.70001983e-17 
 1.10000000e+00  1.47110053e-04  1.10000000e+00  4.96088994e-05  1.10000000e+00  4.40214867e-01  1.10000000e+00  2.44659468e-06  1.10000000e+00  2.60571782e-14  1.10000000e+00 -2.60970379e-14  1.10000000e+00 -8.50058239e-17 
 1.15000000e+00  1.57103899e-04  1.15000000e+00  5.71184830e-05  1.15000000e+00  4.40331214e-01  1.15000000e+00  3.11192666e-06  1.15000000e+00  2.61603013e-14  1.15000000e+00 -2.63297247e-14  1.15000000e+00 -1.08349678e-16 
 1.20000000e+00  1.66608551e-04  1.20000000e+00  6.51023122e-05  1.20000000e+00  4.40454863e-01  1.20000000e+00  4.06037815e-06  1.20000000e+00  2.62600398e-14  1.20000000e+00 -2.65496294e-14  1.20000000e+00 -1.38842276e-16 
 1.25000000e+00  1.75430725e-04  1.25000000e+00  7.35308017e-05  1.25000000e+00  4.40585345e-01  1.25000000e+00  5.45986263e-06  1.25000000e+00  2.63593805e-14  1.25000000e+00 -2.67572642e-14  1.25000000e+00 -1.78960547e-16 
 1.30000000e+00  1.83263788e-04  1.30000000e+00  8.23622470e-05  1.30000000e+00  4.40722008e-01  1.30000000e+00  7.59069313e-06  1.30000000e+00  2.64615066e-14  1.30000000e+00 -2.69522483e-14  1.30000000e+00 -2.32083268e-16 
 1.35000000e+00  1.89623415e-04  1.35000000e+00  9.15356699e-05  1.35000000e+00  4.40863901e-01  1.35000000e+00  1.09077342e-05  1.35000000e+00  2.65700542e-14  1.35000000e+00 -2.71332464e-14  1.35000000e+00 -3.02777561e-16 
 1.40000000e+00  1.93806705e-04  1.40000000e+00  1.00960772e-04  1.40000000e+00  4.41009620e-01  1.40000000e+00  1.60781430e-05  1.40000000e+00  2.66893375e-14  1.40000000e+00 -2.72978401e-14  1.40000000e+00 -3.97104432e-16 
 1.45000000e+00  1.95015681e-04  1.45000000e+00  1.10509195e-04  1.45000000e+00  4.41157178e-01  1.45000000e+00  2.38499904e-05  1.45000000e+00  2.68244893e-14  1.45000000e+00 -2.74423784e-14  1.45000000e+00 -5.22854539e-16 
 1.50000000e+00  1.92826192e-04  1.50000000e+00  1.20020255e-04  1.50000000e+00  4.41304091e-01  1.50000000e+00  3.45674238e-05  1.50000000e+00  2.69814119e-14  1.50000000e+00 -2.75619045e-14  1.50000000e+00 -6.89539526e-16 
 1.55000000e+00  1.87729571e-04  1.55000000e+00  1.29334564e-04  1.55000000e+00  4.41447898e-01  1.55000000e+00  4.76263431e-05  1.55000000e+00  2.71663896e-14  1.55000000e+00 -2.76503121e-14  1.55000000e+00 -9.07877866e-16 
 1.60000000e+00  1.80926894e-04  1.60000000e+00  1.38338380e-04  1.60000000e+00  4.41586850e-01  1.60000000e+00  6.17283735e-05  1.60000000e+00  2.73852269e-14  1.60000000e+00 -2.77009520e-14  1.60000000e+00 -1.18849313e-15 
 1.65000000e+00  1.73505765e-04  1.65000000e+00  1.46978134e-04  1.65000000e+00  4.41720126e-01  1.65000000e+00  7.57624830e-05  1.65000000e+00  2.76419025e-14  1.65000000e+00 -2.77078578e-14  1.65000000e+00 -1.53970610e-15 
 1.70000000e+00  1.66040212e-04  1.70000000e+00  1.55241497e-04  1.70000000e+00  4.41847544e-01  1.70000000e+00  8.92008955e-05  1.70000000e+00  2.79370279e-14  1.70000000e+00 -2.76674685e-14  1.70000000e+00 -1.96479623e-15 
 1.75000000e+00  1.58728267e-04  1.75000000e+00  1.63133989e-04  1.75000000e+00  4.41969195e-01  1.75000000e+00  1.01919580e-04  1.75000000e+00  2.82667670e-14  1.75000000e+00 -2.75802668e-14  1.75000000e+00 -2.45978710e-15 
 1.80000000e+00  1.51606698e-04  1.80000000e+00  1.70665989e-04  1.80000000e+00  4.42085246e-01  1.80000000e+00  1.13953883e-04  1.80000000e+00  2.86229308e-14  1.80000000e+00 -2.71467779e-14  1.80000000e+00 -3.01303541e-15 
