 5.00000000e-02  2.91074704e-10  5.00000000e-02  1.09163338e-11  5.00000000e-02  4.76563342e-01  5.00000000e-02  3.49119869e-12  5.00000000e-02  2.97620619e-15  5.00000000e-02 -7.58076639e-16  5.00000000e-02 -5.88853210e-20 
 1.00000000e-01  1.24027974e-09  1.00000000e-01  4.36719445e-11  1.00000000e-01  4.76563342e-01  1.00000000e-01  1.49086300e-11  1.00000000e-01  3.15076473e-15  1.00000000e-01 -1.06220240e-15  1.00000000e-01 -8.57757089e-20 
 1.50000000e-01  5.24636406e-09  1.50000000e-01  1.82674941e-10  1.50000000e-01  4.76563344e-01  1.50000000e-01  6.33492842e-11  1.50000000e-01  3.41134980e-15  1.50000000e-01 -1.46117943e-15  1.50000000e-01 -1.24458996e-19 
 2.00000000e-01  2.18703624e-08  2.00000000e-01  7.65862214e-10  2.00000000e-01  4.76563352e-01  2.00000000e-01  2.66468709e-10  2.00000000e-01  3.76445416e-15  2.00000000e-01 -1.96290983e-15  2.00000000e-01 -1.79439867e-19 
 2.50000000e-01  8.86470575e-08  2.50000000e-01  3.15885097e-09  2.50000000e-01  4.76563387e-01  2.50000000e-01  1.09832398e-09  2.50000000e-01  4.20570141e-15  2.50000000e-01 -2.56184736e-15  2.50000000e-01 -2.56368387e-19 
 3.00000000e-01  3.41772226e-07  3.00000000e-01  1.25862299e-08  3.00000000e-01  4.76563523e-01  3.00000000e-01  4.35191957e-09  3.00000000e-01  4.71607746e-15  3.00000000e-01 -3.23481902e-15  3.00000000e-01 -3.61994556e-19 
 3.50000000e-01  1.21923731e-06  3.50000000e-01  4.73359692e-08  3.50000000e-01  4.76564023e-01  3.50000000e-01  1.60416661e-08  3.50000000e-01  5.26306443e-15  3.50000000e-01 -3.94282637e-15  3.50000000e-01 -5.04032006e-19 
 4.00000000e-01  3.94269182e-06  4.00000000e-01  1.64325281e-07  4.00000000e-01  4.76565706e-01  4.00000000e-01  5.24643817e-08  4.00000000e-01  5.80776809e-15  4.00000000e-01 -4.63991881e-15  4.00000000e-01 -6.91050976e-19 
 4.50000000e-01  1.13798719e-05  4.50000000e-01  5.18660722e-07  4.50000000e-01  4.76570805e-01  4.50000000e-01  1.44758695e-07  4.50000000e-01  6.31495037e-15  4.50000000e-01 -5.28523302e-15  4.50000000e-01 -9.32560367e-19 
 5.00000000e-01  2.79547425e-05  5.00000000e-01  1.45422922e-06  5.00000000e-01  4.76584266e-01  5.00000000e-01  3.27354768e-07  5.00000000e-01  6.76073825e-15  5.00000000e-01 -5.85193167e-15  5.00000000e-01 -1.23939917e-18 
 5.50000000e-01  5.53645116e-05  5.50000000e-01  3.49007910e-06  5.50000000e-01  4.76613558e-01  5.50000000e-01  6.12164066e-07  5.50000000e-01  7.13496869e-15  5.50000000e-01 -6.32959942e-15  5.50000000e-01 -1.62447765e-18 
 6.00000000e-01  8.91386019e-05  6.00000000e-01  7.06784483e-06  6.00000000e-01  4.76665027e-01  6.00000000e-01  9.82695756e-07  6.00000000e-01  7.43886207e-15  6.00000000e-01 -6.72114542e-15  6.00000000e-01 -2.10379233e-18 
 6.50000000e-01  1.23344807e-04  6.50000000e-01  1.23388634e-05  6.50000000e-01  4.76740839e-01  6.50000000e-01  1.41461628e-06  6.50000000e-01  7.68053750e-15  6.50000000e-01 -7.03731088e-15  6.50000000e-01 -2.69759503e-18 
 7.00000000e-01  1.55176983e-04  7.00000000e-01  1.92318770e-05  7.00000000e-01  4.76839949e-01  7.00000000e-01  1.89268427e-06  7.00000000e-01  7.87078892e-15  7.00000000e-01 -7.29163703e-15  7.00000000e-01 -3.43177678e-18 
 7.50000000e-01  1.84390633e-04  7.50000000e-01  2.76105001e-05  7.50000000e-01  4.76960374e-01  7.50000000e-01  2.41320878e-06  7.50000000e-01  8.02034622e-15  7.50000000e-01 -7.49727705e-15  7.50000000e-01 -4.33967165e-18 
 8.00000000e-01  2.11493810e-04  8.00000000e-01  3.73522897e-05  8.00000000e-01  4.77100330e-01  8.00000000e-01  2.98055618e-06  8.00000000e-01  8.13857234e-15  8.00000000e-01 -7.66553453e-15  8.00000000e-01 -5.46448267e-18 
 8.50000000e-01  2.36899900e-04  8.50000000e-01  4.83601022e-05  8.50000000e-01  4.77258392e-01  8.50000000e-01  3.60404027e-06  8.50000000e-01  8.23306358e-15  8.50000000e-01 -7.80546599e-15  8.50000000e-01 -6.86256162e-18 
 9.00000000e-01  2.60792992e-04  9.00000000e-01  6.05521249e-05  9.00000000e-01  4.77433358e-01  9.00000000e-01  4.29643017e-06  9.00000000e-01  8.30976848e-15  9.00000000e-01 -7.92406720e-15  9.00000000e-01 -8.60788876e-18 
 9.50000000e-01  2.83206522e-04  9.50000000e-01  7.38521921e-05  9.50000000e-01  4.77624106e-01  9.50000000e-01  5.07362858e-06  9.50000000e-01  8.37320382e-15  9.50000000e-01 -8.02656966e-15  9.50000000e-01 -1.07982497e-17 
 1.00000000e+00  3.04111395e-04  1.00000000e+00  8.81846674e-05  1.00000000e+00  4.77829520e-01  1.00000000e+00  5.95504015e-06  1.00000000e+00  8.42677015e-15  1.00000000e+00 -8.11682613e-15  1.00000000e+00 -1.35638200e-17 
 1.05000000e+00  3.23468349e-04  1.05000000e+00  1.03472785e-04  1.05000000e+00  4.78048470e-01  1.05000000e+00  6.96439963e-06  1.05000000e+00  8.47302840e-15  1.05000000e+00 -8.19763823e-15  1.05000000e+00 -1.70791738e-17 
 1.10000000e+00  3.41250773e-04  1.10000000e+00  1.19638748e-04  1.10000000e+00  4.78279814e-01  1.10000000e+00  8.13101185e-06  1.10000000e+00  8.51393143e-15  1.10000000e+00 -8.27101852e-15  1.10000000e+00 -2.15801500e-17 
 1.15000000e+00  3.57450421e-04  1.15000000e+00  1.36604451e-04  1.15000000e+00  4.78522404e-01  1.15000000e+00  9.49147072e-06  1.15000000e+00  8.55101024e-15  1.15000000e+00 -8.33838667e-15  1.15000000e+00 -2.73875753e-17 
 1.20000000e+00  3.72074868e-04  1.20000000e+00  1.54292243e-04  1.20000000e+00  4.78775105e-01  1.20000000e+00  1.10920061e-05  1.20000000e+00  8.58552289e-15  1.20000000e+00 -8.40070801e-15  1.20000000e+00 -3.49405552e-17 
 1.25000000e+00  3.85141517e-04  1.25000000e+00  1.72625444e-04  1.25000000e+00  4.79036795e-01  1.25000000e+00  1.29916869e-05  1.25000000e+00  8.61857646e-15  1.25000000e+00 -8.45858357e-15  1.25000000e+00 -4.48428188e-17 
 1.30000000e+00  3.96670394e-04  1.30000000e+00  1.91528556e-04  1.30000000e+00  4.79306374e-01  1.30000000e+00  1.52668033e-05  1.30000000e+00  8.65123239e-15  1.30000000e+00 -8.51229948e-15  1.30000000e+00 -5.79261458e-17 
 1.35000000e+00  4.06676438e-04  1.35000000e+00  2.10927087e-04  1.35000000e+00  4.79582759e-01  1.35000000e+00  1.80168613e-05  1.35000000e+00  8.68460285e-15  1.35000000e+00 -8.56184096e-15  1.35000000e+00 -7.53344396e-17 
 1.40000000e+00  4.15161315e-04  1.40000000e+00  2.30747009e-04  1.40000000e+00  4.79864878e-01  1.40000000e+00  2.13727500e-05  1.40000000e+00  8.71994266e-15  1.40000000e+00 -8.60687538e-15  1.40000000e+00 -9.86288595e-17 
 1.45000000e+00  4.22104412e-04  1.45000000e+00  2.50913785e-04  1.45000000e+00  4.80151655e-01  1.45000000e+00  2.55077318e-05  1.45000000e+00  8.75873346e-15  1.45000000e+00 -8.64671063e-15  1.45000000e+00 -1.29905410e-16 
 1.50000000e+00  4.27452612e-04  1.50000000e+00  2.71350940e-04  1.50000000e+00  4.80441989e-01  1.50000000e+00  3.06518394e-05  1.50000000e+00  8.80274414e-15  1.50000000e+00 -8.68024281e-15  1.50000000e+00 -1.71896740e-16 
 1.55000000e+00  4.31108700e-04  1.55000000e+00  2.91978086e-04  1.55000000e+00  4.80734730e-01  1.55000000e+00  3.71097496e-05  1.55000000e+00  8.85403110e-15  1.55000000e+00 -8.70592416e-15  1.55000000e+00 -2.27995613e-16 
 1.60000000e+00  4.32919130e-04  1.60000000e+00  3.12708377e-04  1.60000000e+00  4.81028641e-01  1.60000000e+00  4.52805943e-05  1.60000000e+00  8.91481869e-15  1.60000000e+00 -8.72180779e-15  1.60000000e+00 -3.02093583e-16 
 1.65000000e+00  4.32663957e-04  1.65000000e+00  3.33445420e-04  1.65000000e+00  4.81322351e-01  1.65000000e+00  5.56743043e-05  1.65000000e+00  8.98719396e-15  1.65000000e+00 -8.72574704e-15  1.65000000e+00 -3.98105582e-16 
 1.70000000e+00  4.30055863e-04  1.70000000e+00  3.54079934e-04  1.70000000e+00  4.81614317e-01  1.70000000e+00  6.89113749e-05  1.70000000e+00  9.07259839e-15  1.70000000e+00 -8.71580968e-15  1.70000000e+00 -5.19115654e-16 
 1.75000000e+00  4.24761622e-04  1.75000000e+00  3.74486983e-04  1.75000000e+00  4.81902779e-01  1.75000000e+00  8.56809488e-05  1.75000000e+00  9.17122974e-15  1.75000000e+00 -8.69086816e-15  1.75000000e+00 -6.66291568e-16 
 1.80000000e+00  4.16464939e-04  1.80000000e+00  3.94525422e-04  1.80000000e+00  4.82185754e-01  1.80000000e+00  1.06621802e-04  1.80000000e+00  9.28162463e-15  1.80000000e+00 -8.65116195e-15  1.80000000e+00 -8.38007505e-16 
