 5.00000000e-02  3.03491873e-10  5.00000000e-02  1.18562486e-11  5.00000000e-02  5.26216297e-01  5.00000000e-02  4.75470832e-12  5.00000000e-02  1.23991590e-15  5.00000000e-02 -2.28644856e-16  5.00000000e-02  2.41930860e-20 
 1.00000000e-01  1.21045618e-09  1.00000000e-01  4.46430618e-11  1.00000000e-01  5.26216297e-01  1.00000000e-01  1.89654069e-11  1.00000000e-01  1.28347780e-15  1.00000000e-01 -3.17938739e-16  1.00000000e-01  2.97542429e-20 
 1.50000000e-01  4.81099138e-09  1.50000000e-01  1.75157226e-10  1.50000000e-01  5.26216299e-01  1.50000000e-01  7.54700454e-11  1.50000000e-01  1.35364886e-15  1.50000000e-01 -4.36016084e-16  1.50000000e-01  3.50614095e-20 
 2.00000000e-01  1.89907889e-08  2.00000000e-01  6.91912715e-10  2.00000000e-01  5.26216306e-01  2.00000000e-01  2.98919284e-10  2.00000000e-01  1.45402060e-15  2.00000000e-01 -5.87183077e-16  2.00000000e-01  3.88286743e-20 
 2.50000000e-01  7.39795479e-08  2.50000000e-01  2.71674610e-09  2.50000000e-01  5.26216335e-01  2.50000000e-01  1.17309877e-09  2.50000000e-01  1.58605130e-15  2.50000000e-01 -7.73016802e-16  2.50000000e-01  3.90125334e-20 
 3.00000000e-01  2.81189885e-07  3.00000000e-01  1.04965238e-08  3.00000000e-01  5.26216444e-01  3.00000000e-01  4.52238092e-09  3.00000000e-01  1.74750807e-15  3.00000000e-01 -9.90576357e-16  3.00000000e-01  3.27606073e-20 
 3.50000000e-01  1.02406085e-06  3.50000000e-01  3.93597716e-08  3.50000000e-01  5.26216850e-01  3.50000000e-01  1.68579215e-08  3.50000000e-01  1.93155358e-15  3.50000000e-01 -1.23144552e-15  3.50000000e-01  1.65725606e-20 
 4.00000000e-01  3.49261136e-06  4.00000000e-01  1.40576341e-07  4.00000000e-01  5.26218273e-01  4.00000000e-01  5.91723181e-08  4.00000000e-01  2.12731205e-15  4.00000000e-01 -1.48256794e-15  4.00000000e-01 -1.33266479e-20 
 4.50000000e-01  1.09494802e-05  4.50000000e-01  4.69093154e-07  4.50000000e-01  5.26222893e-01  4.50000000e-01  1.88174577e-07  4.50000000e-01  2.32208088e-15  4.50000000e-01 -1.72899816e-15  4.50000000e-01 -6.05547371e-20 
 5.00000000e-01  3.10547593e-05  5.00000000e-01  1.44082233e-06  5.00000000e-01  5.26236556e-01  5.00000000e-01  5.19136273e-07  5.00000000e-01  2.50428238e-15  5.00000000e-01 -1.95742430e-15  5.00000000e-01 -1.28320085e-19 
 5.50000000e-01  7.60639410e-05  5.50000000e-01  3.97941719e-06  5.50000000e-01  5.26272247e-01  5.50000000e-01  1.20516372e-06  5.50000000e-01  2.66576552e-15  5.50000000e-01 -2.15880511e-15  5.50000000e-01 -2.19515140e-19 
 6.00000000e-01  1.51170689e-04  6.00000000e-01  9.49599073e-06  6.00000000e-01  5.26349789e-01  6.00000000e-01  2.35048211e-06  6.00000000e-01  2.80268127e-15  6.00000000e-01 -2.32925898e-15  6.00000000e-01 -3.37157713e-19 
 6.50000000e-01  2.42348551e-04  6.50000000e-01  1.91489352e-05  6.50000000e-01  5.26485412e-01  6.50000000e-01  3.94979867e-06  6.50000000e-01  2.91503775e-15  6.50000000e-01 -2.46940539e-15  6.50000000e-01 -4.85013235e-19 
 7.00000000e-01  3.29646768e-04  7.00000000e-01  3.31498760e-05  7.00000000e-01  5.26681989e-01  7.00000000e-01  5.92780554e-06  7.00000000e-01  3.00537425e-15  7.00000000e-01 -2.58272384e-15  7.00000000e-01 -6.68145764e-19 
 7.50000000e-01  4.03682938e-04  7.50000000e-01  5.09814065e-05  7.50000000e-01  5.26932119e-01  7.50000000e-01  8.20887169e-06  7.50000000e-01  3.07727598e-15  7.50000000e-01 -2.67378509e-15  7.50000000e-01 -8.93335779e-19 
 8.00000000e-01  4.64572591e-04  8.00000000e-01  7.19551543e-05  8.00000000e-01  5.27225997e-01  8.00000000e-01  1.07475163e-05  8.00000000e-01  3.13436949e-15  8.00000000e-01 -2.74708489e-15  8.00000000e-01 -1.16951660e-18 
 8.50000000e-01  5.15318382e-04  8.50000000e-01  9.54967414e-05  8.50000000e-01  5.27555432e-01  8.50000000e-01  1.35260399e-05  8.50000000e-01  3.17985999e-15  8.50000000e-01 -2.80652839e-15  8.50000000e-01 -1.50835525e-18 
 9.00000000e-01  5.58500431e-04  9.00000000e-01  1.21180372e-04  9.00000000e-01  5.27914332e-01  9.00000000e-01  1.65436385e-05  9.00000000e-01  3.21640686e-15  9.00000000e-01 -2.85530896e-15  9.00000000e-01 -1.92504359e-18 
 9.50000000e-01  5.95706153e-04  9.50000000e-01  1.48683869e-04  9.50000000e-01  5.28298077e-01  9.50000000e-01  1.98079859e-05  9.50000000e-01  3.24612187e-15  9.50000000e-01 -2.89593035e-15  9.50000000e-01 -2.43937354e-18 
 1.00000000e+00  6.27828701e-04  1.00000000e+00  1.77745590e-04  1.00000000e+00  5.28702906e-01  1.00000000e+00  2.33307615e-05  1.00000000e+00  3.27064588e-15  1.00000000e+00 -2.93031114e-15  1.00000000e+00 -3.07720912e-18 
 1.05000000e+00  6.55406151e-04  1.05000000e+00  2.08139130e-04  1.05000000e+00  5.29125567e-01  1.05000000e+00  2.71258960e-05  1.05000000e+00  3.29123713e-15  1.05000000e+00 -2.95989732e-15  1.05000000e+00 -3.87251692e-18 
 1.10000000e+00  6.78827452e-04  1.10000000e+00  2.39661331e-04  1.10000000e+00  5.29563149e-01  1.10000000e+00  3.12092717e-05  1.10000000e+00  3.30885586e-15  1.10000000e+00 -2.98576596e-15  1.10000000e+00 -4.87018013e-18 
 1.15000000e+00  6.98428458e-04  1.15000000e+00  2.72127307e-04  1.15000000e+00  5.30013011e-01  1.15000000e+00  3.55991015e-05  1.15000000e+00  3.32423773e-15  1.15000000e+00 -3.00871135e-15  1.15000000e+00 -6.12991331e-18 
 1.20000000e+00  7.14526501e-04  1.20000000e+00  3.05368428e-04  1.20000000e+00  5.30472754e-01  1.20000000e+00  4.03165955e-05  1.20000000e+00  3.33795422e-15  1.20000000e+00 -3.02931249e-15  1.20000000e+00 -7.73172395e-18 
 1.25000000e+00  7.27427200e-04  1.25000000e+00  3.39231257e-04  1.25000000e+00  5.30940205e-01  1.25000000e+00  4.53867477e-05  1.25000000e+00  3.35046136e-15  1.25000000e+00 -3.04798327e-15  1.25000000e+00 -9.78354108e-18 
 1.30000000e+00  7.37421390e-04  1.30000000e+00  3.73576600e-04  1.30000000e+00  5.31413402e-01  1.30000000e+00  5.08391927e-05  1.30000000e+00  3.36213931e-15  1.30000000e+00 -3.06500789e-15  1.30000000e+00 -1.24318546e-17 
 1.35000000e+00  7.44780191e-04  1.35000000e+00  4.08278439e-04  1.35000000e+00  5.31890580e-01  1.35000000e+00  5.67091379e-05  1.35000000e+00  3.37332538e-15  1.35000000e+00 -3.08056375e-15  1.35000000e+00 -1.58764623e-17 
 1.40000000e+00  7.49751132e-04  1.40000000e+00  4.43222719e-04  1.40000000e+00  5.32370149e-01  1.40000000e+00  6.30384030e-05  1.40000000e+00  3.38434325e-15  1.40000000e+00 -3.09473365e-15  1.40000000e+00 -2.03906365e-17 
 1.45000000e+00  7.52555924e-04  1.45000000e+00  4.78306050e-04  1.45000000e+00  5.32850680e-01  1.45000000e+00  6.98766136e-05  1.45000000e+00  3.39553023e-15  1.45000000e+00 -3.10750826e-15  1.45000000e+00 -2.63480132e-17 
 1.50000000e+00  7.53389664e-04  1.50000000e+00  5.13434378e-04  1.50000000e+00  5.33330881e-01  1.50000000e+00  7.72826013e-05  1.50000000e+00  3.40726402e-15  1.50000000e+00 -3.11877977e-15  1.50000000e+00 -3.42568491e-17 
 1.55000000e+00  7.52420972e-04  1.55000000e+00  5.48521679e-04  1.55000000e+00  5.33809580e-01  1.55000000e+00  8.53260730e-05  1.55000000e+00  3.41998857e-15  1.55000000e+00 -3.12832791e-15  1.55000000e+00 -4.48001684e-17 
 1.60000000e+00  7.49792643e-04  1.60000000e+00  5.83488690e-04  1.60000000e+00  5.34285706e-01  1.60000000e+00  9.40896205e-05  1.60000000e+00  3.43423562e-15  1.60000000e+00 -3.13580128e-15  1.60000000e+00 -5.88753921e-17 
 1.65000000e+00  7.45622457e-04  1.65000000e+00  6.18261692e-04  1.65000000e+00  5.34758272e-01  1.65000000e+00  1.03671147e-04  1.65000000e+00  3.45063351e-15  1.65000000e+00 -3.14070140e-15  1.65000000e+00 -7.76177734e-17 
 1.70000000e+00  7.40003905e-04  1.70000000e+00  6.52771336e-04  1.70000000e+00  5.35226357e-01  1.70000000e+00  1.14186797e-04  1.70000000e+00  3.46988809e-15  1.70000000e+00 -3.14238384e-15  1.70000000e+00 -1.02378316e-16 
 1.75000000e+00  7.33006674e-04  1.75000000e+00  6.86951500e-04  1.75000000e+00  5.35689090e-01  1.75000000e+00  1.25774484e-04  1.75000000e+00  3.49271540e-15  1.75000000e+00 -3.14009892e-15  1.75000000e+00 -1.34614323e-16 
 1.80000000e+00  7.24676780e-04  1.80000000e+00  7.20738172e-04  1.80000000e+00  5.36145638e-01  1.80000000e+00  1.38598086e-04  1.80000000e+00  3.51971158e-15  1.80000000e+00 -3.13309612e-15  1.80000000e+00 -1.75655428e-16 
