 5.00000000e-02  2.05088604e-10  5.00000000e-02  7.61255295e-12  5.00000000e-02  4.57050731e-01  5.00000000e-02  2.21245739e-12  5.00000000e-02  5.03509689e-15  5.00000000e-02 -1.33758817e-15  5.00000000e-02 -1.12018214e-19 
 1.00000000e-01  9.40649893e-10  1.00000000e-01  3.17723625e-11  1.00000000e-01  4.57050732e-01  1.00000000e-01  1.01776890e-11  1.00000000e-01  5.37272407e-15  1.00000000e-01 -1.90150514e-15  1.00000000e-01 -1.63926326e-19 
 1.50000000e-01  4.27078302e-09  1.50000000e-01  1.41952144e-10  1.50000000e-01  4.57050733e-01  1.50000000e-01  4.64967245e-11  1.50000000e-01  5.87056140e-15  1.50000000e-01 -2.64602489e-15  1.50000000e-01 -2.38686097e-19 
 2.00000000e-01  1.89906919e-08  2.00000000e-01  6.36354403e-10  2.00000000e-01  4.57050741e-01  2.00000000e-01  2.09356037e-10  2.00000000e-01  6.53727842e-15  2.00000000e-01 -3.58195204e-15  2.00000000e-01 -3.44940647e-19 
 2.50000000e-01  8.10833481e-08  2.50000000e-01  2.78470933e-09  2.50000000e-01  4.57050773e-01  2.50000000e-01  9.14952682e-10  2.50000000e-01  7.35702409e-15  2.50000000e-01 -4.68992580e-15  2.50000000e-01 -4.93460030e-19 
 3.00000000e-01  3.22308834e-07  3.00000000e-01  1.15884117e-08  3.00000000e-01  4.57050905e-01  3.00000000e-01  3.77205205e-09  3.00000000e-01  8.28388846e-15  3.00000000e-01 -5.91433953e-15  3.00000000e-01 -6.97048710e-19 
 3.50000000e-01  1.15386024e-06  3.50000000e-01  4.44997708e-08  3.50000000e-01  4.57051399e-01  3.50000000e-01  1.40079349e-08  3.50000000e-01  9.24871081e-15  3.50000000e-01 -7.17225013e-15  3.50000000e-01 -9.70330748e-19 
 4.00000000e-01  3.65466822e-06  4.00000000e-01  1.54071619e-07  4.00000000e-01  4.57053042e-01  4.00000000e-01  4.42297829e-08  4.00000000e-01  1.01776243e-14  4.00000000e-01 -8.37612632e-15  4.00000000e-01 -1.32964824e-18 
 4.50000000e-01  1.00183949e-05  4.50000000e-01  4.73837358e-07  4.50000000e-01  4.57057837e-01  4.50000000e-01  1.13504433e-07  4.50000000e-01  1.10123459e-14  4.50000000e-01 -9.45812175e-15  4.50000000e-01 -1.79335023e-18 
 5.00000000e-01  2.25130329e-05  5.00000000e-01  1.25871898e-06  5.00000000e-01  4.57069607e-01  5.00000000e-01  2.35188152e-07  5.00000000e-01  1.17212535e-14  5.00000000e-01 -1.03828232e-14  5.00000000e-01 -2.38265519e-18 
 5.50000000e-01  4.05102789e-05  5.50000000e-01  2.81322003e-06  5.50000000e-01  4.57092917e-01  5.50000000e-01  4.06156227e-07  5.50000000e-01  1.22984342e-14  5.50000000e-01 -1.11454952e-14  5.50000000e-01 -3.12310580e-18 
 6.00000000e-01  6.07823893e-05  6.00000000e-01  5.33177688e-06  6.00000000e-01  4.57130679e-01  6.00000000e-01  6.13046906e-07  6.00000000e-01  1.27554373e-14  6.00000000e-01 -1.17618127e-14  6.00000000e-01 -4.04647890e-18 
 6.50000000e-01  8.08248080e-05  6.50000000e-01  8.85430861e-06  6.50000000e-01  4.57183487e-01  6.50000000e-01  8.44484141e-07  6.50000000e-01  1.31119120e-14  6.50000000e-01 -1.22565436e-14  6.50000000e-01 -5.19308175e-18 
 7.00000000e-01  9.98581706e-05  7.00000000e-01  1.33413577e-05  7.00000000e-01  4.57250741e-01  7.00000000e-01  1.09573869e-06  7.00000000e-01  1.33888320e-14  7.00000000e-01 -1.26555094e-14  7.00000000e-01 -6.61461900e-18 
 7.50000000e-01  1.17937969e-04  7.50000000e-01  1.87401508e-05  7.50000000e-01  4.57331642e-01  7.50000000e-01  1.36758927e-06  7.50000000e-01  1.36049518e-14  7.50000000e-01 -1.29814811e-14  7.50000000e-01 -8.37794137e-18 
 8.00000000e-01  1.35239963e-04  8.00000000e-01  2.50057291e-05  8.00000000e-01  4.57425504e-01  8.00000000e-01  1.66437120e-06  8.00000000e-01  1.37755689e-14  8.00000000e-01 -1.32528281e-14  8.00000000e-01 -1.05700504e-17 
 8.50000000e-01  1.51847559e-04  8.50000000e-01  3.21000273e-05  8.50000000e-01  4.57531747e-01  8.50000000e-01  1.99290904e-06  8.50000000e-01  1.39124974e-14  8.50000000e-01 -1.34835875e-14  8.50000000e-01 -1.33048737e-17 
 9.00000000e-01  1.67758131e-04  9.00000000e-01  3.99870294e-05  9.00000000e-01  4.57649818e-01  9.00000000e-01  2.36226620e-06  9.00000000e-01  1.40246554e-14  9.00000000e-01 -1.36842101e-14  9.00000000e-01 -1.67325580e-17 
 9.50000000e-01  1.82927762e-04  9.50000000e-01  4.86296326e-05  9.50000000e-01  4.57779149e-01  9.50000000e-01  2.78400645e-06  9.50000000e-01  1.41186224e-14  9.50000000e-01 -1.38622682e-14  9.50000000e-01 -2.10523334e-17 
 1.00000000e+00  1.97304545e-04  1.00000000e+00  5.79885152e-05  1.00000000e+00  4.57919138e-01  1.00000000e+00  3.27280825e-06  1.00000000e+00  1.41992547e-14  1.00000000e+00 -1.40231870e-14  1.00000000e+00 -2.65304310e-17 
 1.05000000e+00  2.10844715e-04  1.05000000e+00  6.80221966e-05  1.05000000e+00  4.58069150e-01  1.05000000e+00  3.84741531e-06  1.05000000e+00  1.42701730e-14  1.05000000e+00 -1.41708085e-14  1.05000000e+00 -3.35251690e-17 
 1.10000000e+00  2.23517524e-04  1.10000000e+00  7.86875754e-05  1.10000000e+00  4.58228526e-01  1.10000000e+00  4.53200225e-06  1.10000000e+00  1.43341452e-14  1.10000000e+00 -1.43078101e-14  1.10000000e+00 -4.25221445e-17 
 1.15000000e+00  2.35304070e-04  1.15000000e+00  8.99405311e-05  1.15000000e+00  4.58396594e-01  1.15000000e+00  5.35811411e-06  1.15000000e+00  1.43933831e-14  1.15000000e+00 -1.44359985e-14  1.15000000e+00 -5.41835431e-17 
 1.20000000e+00  2.46193159e-04  1.20000000e+00  1.01736378e-04  1.20000000e+00  4.58572672e-01  1.20000000e+00  6.36742848e-06  1.20000000e+00  1.44497762e-14  1.20000000e+00 -1.45565032e-14  1.20000000e+00 -6.94168028e-17 
 1.25000000e+00  2.56175596e-04  1.25000000e+00  1.14030070e-04  1.25000000e+00  4.58756074e-01  1.25000000e+00  7.61570859e-06  1.25000000e+00  1.45050837e-14  1.25000000e+00 -1.46698862e-14  1.25000000e+00 -8.94688877e-17 
 1.30000000e+00  2.65237321e-04  1.30000000e+00  1.26776089e-04  1.30000000e+00  4.58946110e-01  1.30000000e+00  9.17847906e-06  1.30000000e+00  1.45611044e-14  1.30000000e+00 -1.47761837e-14  1.30000000e+00 -1.16052308e-16 
 1.35000000e+00  2.73351195e-04  1.35000000e+00  1.39927969e-04  1.35000000e+00  4.59142075e-01  1.35000000e+00  1.11591655e-05  1.35000000e+00  1.46198329e-14  1.35000000e+00 -1.48748884e-14  1.35000000e+00 -1.51505582e-16 
 1.40000000e+00  2.80466872e-04  1.40000000e+00  1.53437360e-04  1.40000000e+00  4.59343238e-01  1.40000000e+00  1.37006567e-05  1.40000000e+00  1.46836062e-14  1.40000000e+00 -1.49648835e-14  1.40000000e+00 -1.98979866e-16 
 1.45000000e+00  2.86498061e-04  1.45000000e+00  1.67252538e-04  1.45000000e+00  4.59548820e-01  1.45000000e+00  1.70013226e-05  1.45000000e+00  1.47552195e-14  1.45000000e+00 -1.50443482e-14  1.45000000e+00 -2.62618122e-16 
 1.50000000e+00  2.91306715e-04  1.50000000e+00  1.81316212e-04  1.50000000e+00  4.59757959e-01  1.50000000e+00  2.13360053e-05  1.50000000e+00  1.48379665e-14  1.50000000e+00 -1.51106793e-14  1.50000000e+00 -3.47646034e-16 
 1.55000000e+00  2.94685038e-04  1.55000000e+00  1.95562489e-04  1.55000000e+00  4.59969670e-01  1.55000000e+00  2.70802879e-05  1.55000000e+00  1.49355155e-14  1.55000000e+00 -1.51605160e-14  1.55000000e+00 -4.60226323e-16 
 1.60000000e+00  2.96340048e-04  1.60000000e+00  2.09913015e-04  1.60000000e+00  4.60182784e-01  1.60000000e+00  3.47301607e-05  1.60000000e+00  1.50515132e-14  1.60000000e+00 -1.51899981e-14  1.60000000e+00 -6.06872824e-16 
 1.65000000e+00  2.95893820e-04  1.65000000e+00  2.24272719e-04  1.65000000e+00  4.60395888e-01  1.65000000e+00  4.48958307e-05  1.65000000e+00  1.51888463e-14  1.65000000e+00 -1.51953876e-14  1.65000000e+00 -7.93265333e-16 
 1.70000000e+00  2.92925642e-04  1.70000000e+00  2.38526597e-04  1.70000000e+00  4.60607277e-01  1.70000000e+00  5.82280599e-05  1.70000000e+00  1.53486644e-14  1.70000000e+00 -1.51740567e-14  1.70000000e+00 -1.02256472e-15 
 1.75000000e+00  2.87089057e-04  1.75000000e+00  2.52540508e-04  1.75000000e+00  4.60814967e-01  1.75000000e+00  7.52264165e-05  1.75000000e+00  1.55295280e-14  1.75000000e+00 -1.51255755e-14  1.75000000e+00 -1.29378359e-15 
 1.80000000e+00  2.78304714e-04  1.80000000e+00  2.66169968e-04  1.80000000e+00  4.61016826e-01  1.80000000e+00  9.59339805e-05  1.80000000e+00  1.57271934e-14  1.80000000e+00 -1.48995197e-14  1.80000000e+00 -1.60108913e-15 
