 5.00000000e-02  2.49965196e-10  5.00000000e-02  9.30538979e-12  5.00000000e-02  4.66082187e-01  5.00000000e-02  3.06124388e-12  5.00000000e-02  4.00301602e-15  5.00000000e-02 -1.04507854e-15  5.00000000e-02 -8.82707509e-20 
 1.00000000e-01  1.10129145e-09  1.00000000e-01  3.80236086e-11  1.00000000e-01  4.66082187e-01  1.00000000e-01  1.35222940e-11  1.00000000e-01  4.25427308e-15  1.00000000e-01 -1.47353451e-15  1.00000000e-01 -1.28348435e-19 
 1.50000000e-01  4.81018875e-09  1.50000000e-01  1.63936580e-10  1.50000000e-01  4.66082189e-01  1.50000000e-01  5.93804027e-11  1.50000000e-01  4.62635913e-15  1.50000000e-01 -2.03679344e-15  1.50000000e-01 -1.85806055e-19 
 2.00000000e-01  2.06448921e-08  2.00000000e-01  7.08506290e-10  2.00000000e-01  4.66082197e-01  2.00000000e-01  2.57599483e-10  2.00000000e-01  5.12694027e-15  2.00000000e-01 -2.74429774e-15  2.00000000e-01 -2.67184931e-19 
 2.50000000e-01  8.56505214e-08  2.50000000e-01  3.00138323e-09  2.50000000e-01  4.66082231e-01  2.50000000e-01  1.09024393e-09  2.50000000e-01  5.74682706e-15  2.50000000e-01 -3.58470559e-15  2.50000000e-01 -3.80675085e-19 
 3.00000000e-01  3.34569498e-07  3.00000000e-01  1.21923871e-08  3.00000000e-01  4.66082366e-01  3.00000000e-01  4.39737907e-09  3.00000000e-01  6.45526003e-15  3.00000000e-01 -4.52068927e-15  3.00000000e-01 -5.36081466e-19 
 3.50000000e-01  1.19280861e-06  3.50000000e-01  4.62365908e-08  3.50000000e-01  4.66082867e-01  3.50000000e-01  1.62523855e-08  3.50000000e-01  7.20324502e-15  3.50000000e-01 -5.49352191e-15  3.50000000e-01 -7.44690783e-19 
 4.00000000e-01  3.80243506e-06  4.00000000e-01  1.59847061e-07  4.00000000e-01  4.66084539e-01  4.00000000e-01  5.21884502e-08  4.00000000e-01  7.93553530e-15  4.00000000e-01 -6.43785813e-15  4.00000000e-01 -1.01920128e-18 
 4.50000000e-01  1.06406233e-05  4.50000000e-01  4.96024827e-07  4.50000000e-01  4.66089486e-01  4.50000000e-01  1.38550000e-07  4.50000000e-01  8.60538046e-15  4.50000000e-01 -7.29939432e-15  4.50000000e-01 -1.37392334e-18 
 5.00000000e-01  2.48510111e-05  5.00000000e-01  1.34708946e-06  5.00000000e-01  4.66102011e-01  5.00000000e-01  2.98336808e-07  5.00000000e-01  9.18418552e-15  5.00000000e-01 -8.04602957e-15  5.00000000e-01 -1.82540859e-18 
 5.50000000e-01  4.66228953e-05  5.50000000e-01  3.10315588e-06  5.50000000e-01  4.66127851e-01  5.50000000e-01  5.32012595e-07  5.50000000e-01  9.66279383e-15  5.50000000e-01 -8.66888306e-15  5.50000000e-01 -2.39355785e-18 
 6.00000000e-01  7.21317864e-05  6.00000000e-01  6.05085108e-06  6.00000000e-01  4.66171222e-01  6.00000000e-01  8.20805572e-07  6.00000000e-01  1.00466504e-14  6.00000000e-01 -9.17614614e-15  6.00000000e-01 -3.10311815e-18 
 6.50000000e-01  9.76243664e-05  6.50000000e-01  1.02688814e-05  6.50000000e-01  4.66233273e-01  6.50000000e-01  1.14524749e-06  6.50000000e-01  1.03490321e-14  6.50000000e-01 -9.58486016e-15  6.50000000e-01 -3.98548223e-18 
 7.00000000e-01  1.21661743e-04  7.00000000e-01  1.57070167e-05  7.00000000e-01  4.66313253e-01  7.00000000e-01  1.49513627e-06  7.00000000e-01  1.05855141e-14  7.00000000e-01 -9.91434076e-15  7.00000000e-01 -5.08092483e-18 
 7.50000000e-01  1.44224796e-04  7.50000000e-01  2.22856580e-05  7.50000000e-01  4.66409979e-01  7.50000000e-01  1.86902940e-06  7.50000000e-01  1.07707357e-14  7.50000000e-01 -1.01824228e-14  7.50000000e-01 -6.44154553e-18 
 8.00000000e-01  1.65601247e-04  8.00000000e-01  2.99356220e-05  8.00000000e-01  4.66522417e-01  8.00000000e-01  2.27113068e-06  8.00000000e-01  1.09170415e-14  8.00000000e-01 -1.04039505e-14  8.00000000e-01 -8.13522236e-18 
 8.50000000e-01  1.85971327e-04  8.50000000e-01  3.86003688e-05  8.50000000e-01  4.66649720e-01  8.50000000e-01  2.70924014e-06  8.50000000e-01  1.10342051e-14  8.50000000e-01 -1.05905402e-14  8.50000000e-01 -1.02509798e-17 
 9.00000000e-01  2.05377482e-04  9.00000000e-01  4.82290505e-05  9.00000000e-01  4.66791121e-01  9.00000000e-01  3.19401516e-06  9.00000000e-01  1.11297451e-14  9.00000000e-01 -1.07510021e-14  9.00000000e-01 -1.29063682e-17 
 9.50000000e-01  2.23785231e-04  9.50000000e-01  5.87711445e-05  9.50000000e-01  4.66945860e-01  9.50000000e-01  3.73906333e-06  9.50000000e-01  1.12092935e-14  9.50000000e-01 -1.08918222e-14  9.50000000e-01 -1.62577036e-17 
 1.00000000e+00  2.41136515e-04  1.00000000e+00  7.01740902e-05  1.00000000e+00  4.67113144e-01  1.00000000e+00  4.36154670e-06  1.00000000e+00  1.12770545e-14  1.00000000e+00 -1.10177109e-14  1.00000000e+00 -2.05143788e-17 
 1.05000000e+00  2.57378313e-04  1.05000000e+00  8.23829207e-05  1.05000000e+00  4.67292148e-01  1.05000000e+00  5.08319944e-06  1.05000000e+00  1.13361855e-14  1.05000000e+00 -1.11320461e-14  1.05000000e+00 -2.59589766e-17 
 1.10000000e+00  2.72473297e-04  1.10000000e+00  9.53408015e-05  1.10000000e+00  4.67482018e-01  1.10000000e+00  5.93180647e-06  1.10000000e+00  1.13891069e-14  1.10000000e+00 -1.12372140e-14  1.10000000e+00 -3.29756156e-17 
 1.15000000e+00  2.86400451e-04  1.15000000e+00  1.08989799e-04  1.15000000e+00  4.67681885e-01  1.15000000e+00  6.94329482e-06  1.15000000e+00  1.14377477e-14  1.15000000e+00 -1.13348552e-14  1.15000000e+00 -4.20898773e-17 
 1.20000000e+00  2.99150784e-04  1.20000000e+00  1.23271533e-04  1.20000000e+00  4.67890876e-01  1.20000000e+00  8.16468842e-06  1.20000000e+00  1.14837417e-14  1.20000000e+00 -1.14260303e-14  1.20000000e+00 -5.40247484e-17 
 1.25000000e+00  3.10720730e-04  1.25000000e+00  1.38127545e-04  1.25000000e+00  4.68108116e-01  1.25000000e+00  9.65829874e-06  1.25000000e+00  1.15285914e-14  1.25000000e+00 -1.15113198e-14  1.25000000e+00 -6.97779882e-17 
 1.30000000e+00  3.21104253e-04  1.30000000e+00  1.53499307e-04  1.30000000e+00  4.68332732e-01  1.30000000e+00  1.15076846e-05  1.30000000e+00  1.15738123e-14  1.30000000e+00 -1.15908664e-14  1.30000000e+00 -9.07264543e-17 
 1.35000000e+00  3.30283733e-04  1.35000000e+00  1.69327813e-04  1.35000000e+00  4.68563848e-01  1.35000000e+00  1.38261185e-05  1.35000000e+00  1.16210682e-14  1.35000000e+00 -1.16643694e-14  1.35000000e+00 -1.18760396e-16 
 1.40000000e+00  3.38219202e-04  1.40000000e+00  1.85552681e-04  1.40000000e+00  4.68800568e-01  1.40000000e+00  1.67685117e-05  1.40000000e+00  1.16722978e-14  1.40000000e+00 -1.17310365e-14  1.40000000e+00 -1.56441969e-16 
 1.45000000e+00  3.44835266e-04  1.45000000e+00  2.02110673e-04  1.45000000e+00  4.69041956e-01  1.45000000e+00  2.05478419e-05  1.45000000e+00  1.17298184e-14  1.45000000e+00 -1.17895109e-14  1.45000000e+00 -2.07161229e-16 
 1.50000000e+00  3.50005210e-04  1.50000000e+00  2.18933505e-04  1.50000000e+00  4.69287007e-01  1.50000000e+00  2.54567168e-05  1.50000000e+00  1.17963668e-14  1.50000000e+00 -1.18378057e-14  1.50000000e+00 -2.75222625e-16 
 1.55000000e+00  3.53532852e-04  1.55000000e+00  2.35944817e-04  1.55000000e+00  4.69534601e-01  1.55000000e+00  3.18928464e-05  1.55000000e+00  1.18750044e-14  1.55000000e+00 -1.18733162e-14  1.55000000e+00 -3.65735752e-16 
 1.60000000e+00  3.55135859e-04  1.60000000e+00  2.53056284e-04  1.60000000e+00  4.69783448e-01  1.60000000e+00  4.03819345e-05  1.60000000e+00  1.19687879e-14  1.60000000e+00 -1.18930164e-14  1.60000000e+00 -4.84132629e-16 
 1.65000000e+00  3.54441212e-04  1.65000000e+00  2.70163210e-04  1.65000000e+00  4.70032024e-01  1.65000000e+00  5.15798384e-05  1.65000000e+00  1.20801444e-14  1.65000000e+00 -1.18939487e-14  1.65000000e+00 -6.35167500e-16 
 1.70000000e+00  3.51015241e-04  1.70000000e+00  2.87140760e-04  1.70000000e+00  4.70278519e-01  1.70000000e+00  6.62166101e-05  1.70000000e+00  1.22100339e-14  1.70000000e+00 -1.18740179e-14  1.70000000e+00 -8.21477995e-16 
 1.75000000e+00  3.44460393e-04  1.75000000e+00  3.03843417e-04  1.75000000e+00  4.70520826e-01  1.75000000e+00  8.49299614e-05  1.75000000e+00  1.23572188e-14  1.75000000e+00 -1.18328708e-14  1.75000000e+00 -1.04218920e-15 
 1.80000000e+00  3.34593926e-04  1.80000000e+00  3.20111555e-04  1.80000000e+00  4.70756643e-01  1.80000000e+00  1.07967045e-04  1.80000000e+00  1.25180878e-14  1.80000000e+00 -1.16636775e-14  1.80000000e+00 -1.29232833e-15 
