 5.00000000e-02  3.57894225e-10  5.00000000e-02  1.37644496e-11  5.00000000e-02  4.95317711e-01  5.00000000e-02  4.15197376e-12  5.00000000e-02  1.96018803e-15  5.00000000e-02 -4.78112872e-16  5.00000000e-02 -2.65459241e-20 
 1.00000000e-01  1.43440163e-09  1.00000000e-01  5.25482539e-11  1.00000000e-01  4.95317711e-01  1.00000000e-01  1.66646578e-11  1.00000000e-01  2.06128530e-15  1.00000000e-01 -6.61844062e-16  1.00000000e-01 -4.00321314e-20 
 1.50000000e-01  5.71739741e-09  1.50000000e-01  2.07514157e-10  1.50000000e-01  4.95317714e-01  1.50000000e-01  6.66371184e-11  1.50000000e-01  2.21427771e-15  1.50000000e-01 -9.01486536e-16  1.50000000e-01 -6.00407553e-20 
 2.00000000e-01  2.25464798e-08  2.00000000e-01  8.21516888e-10  2.00000000e-01  4.95317722e-01  2.00000000e-01  2.64498258e-10  2.00000000e-01  2.42385701e-15  2.00000000e-01 -1.20267176e-15  2.00000000e-01 -8.92724170e-20 
 2.50000000e-01  8.71339792e-08  2.50000000e-01  3.21558236e-09  2.50000000e-01  4.95317755e-01  2.50000000e-01  1.03476132e-09  2.50000000e-01  2.68929182e-15  2.50000000e-01 -1.56426096e-15  2.50000000e-01 -1.31142627e-19 
 3.00000000e-01  3.24860851e-07  3.00000000e-01  1.22819639e-08  3.00000000e-01  4.95317879e-01  3.00000000e-01  3.93756604e-09  3.00000000e-01  3.00196684e-15  3.00000000e-01 -1.97561753e-15  3.00000000e-01 -1.89716264e-19 
 3.50000000e-01  1.14397176e-06  3.50000000e-01  4.49949258e-08  3.50000000e-01  4.95318329e-01  3.50000000e-01  1.42418867e-08  3.50000000e-01  3.34505247e-15  3.50000000e-01 -2.41650186e-15  3.50000000e-01 -2.69549521e-19 
 4.00000000e-01  3.73546546e-06  4.00000000e-01  1.55196044e-07  4.00000000e-01  4.95319843e-01  4.00000000e-01  4.72502594e-08  4.00000000e-01  3.69635350e-15  4.00000000e-01 -2.86072368e-15  4.00000000e-01 -3.75528397e-19 
 4.50000000e-01  1.11936408e-05  4.50000000e-01  4.97391334e-07  4.50000000e-01  4.95324544e-01  4.50000000e-01  1.37585090e-07  4.50000000e-01  4.03348563e-15  4.50000000e-01 -3.28239729e-15  4.50000000e-01 -5.12835151e-19 
 5.00000000e-01  2.97646641e-05  5.00000000e-01  1.45725860e-06  5.00000000e-01  4.95337730e-01  5.00000000e-01  3.38837939e-07  5.00000000e-01  4.33889334e-15  5.00000000e-01 -3.66178799e-15  5.00000000e-01 -6.87140385e-19 
 5.50000000e-01  6.54848670e-05  5.50000000e-01  3.75449980e-06  5.50000000e-01  4.95369287e-01  5.50000000e-01  6.98330656e-07  5.50000000e-01  4.60252799e-15  5.50000000e-01 -3.98823696e-15  5.50000000e-01 -9.05047820e-19 
 6.00000000e-01  1.15466094e-04  6.00000000e-01  8.20446053e-06  6.00000000e-01  4.95430403e-01  6.00000000e-01  1.22843933e-06  6.00000000e-01  4.82177827e-15  6.00000000e-01 -4.25982106e-15  6.00000000e-01 -1.17473603e-18 
 6.50000000e-01  1.69282375e-04  6.50000000e-01  1.52425220e-05  6.50000000e-01  4.95527037e-01  6.50000000e-01  1.91145300e-06  6.50000000e-01  4.99950861e-15  6.50000000e-01 -4.48086540e-15  6.50000000e-01 -1.50665176e-18 
 7.00000000e-01  2.19268123e-04  7.00000000e-01  2.48214354e-05  7.00000000e-01  4.95658502e-01  7.00000000e-01  2.72526409e-06  7.00000000e-01  5.14145787e-15  7.00000000e-01 -4.65881660e-15  7.00000000e-01 -1.91420450e-18 
 7.50000000e-01  2.63533571e-04  7.50000000e-01  3.66715463e-05  7.50000000e-01  4.95821049e-01  7.50000000e-01  3.65897258e-06  7.50000000e-01  5.25414673e-15  7.50000000e-01 -4.80179690e-15  7.50000000e-01 -2.41461066e-18 
 8.00000000e-01  3.02954263e-04  8.00000000e-01  5.05183699e-05  8.00000000e-01  4.96010860e-01  8.00000000e-01  4.71444618e-06  8.00000000e-01  5.34369011e-15  8.00000000e-01 -4.91725847e-15  8.00000000e-01 -3.03004715e-18 
 8.50000000e-01  3.38713330e-04  8.50000000e-01  6.61473779e-05  8.50000000e-01  4.96224942e-01  8.50000000e-01  5.90281775e-06  8.50000000e-01  5.41529899e-15  8.50000000e-01 -5.01145356e-15  8.50000000e-01 -3.78922521e-18 
 9.00000000e-01  3.71557629e-04  9.00000000e-01  8.33940154e-05  9.00000000e-01  4.96460985e-01  9.00000000e-01  7.24133676e-06  9.00000000e-01  5.47320548e-15  9.00000000e-01 -5.08938664e-15  9.00000000e-01 -4.72952939e-18 
 9.50000000e-01  4.01827413e-04  9.50000000e-01  1.02121085e-04  9.50000000e-01  4.96717055e-01  9.50000000e-01  8.75175093e-06  9.50000000e-01  5.52071758e-15  9.50000000e-01 -5.15491503e-15  9.50000000e-01 -5.89994201e-18 
 1.00000000e+00  4.29637523e-04  1.00000000e+00  1.22203206e-04  1.00000000e+00  4.96991386e-01  1.00000000e+00  1.04599241e-05  1.00000000e+00  5.56037938e-15  1.00000000e+00 -5.21095454e-15  1.00000000e+00 -7.36507416e-18 
 1.05000000e+00  4.55013472e-04  1.05000000e+00  1.43519366e-04  1.05000000e+00  4.97282270e-01  1.05000000e+00  1.23962628e-05  1.05000000e+00  5.59413228e-15  1.05000000e+00 -5.25967731e-15  1.05000000e+00 -9.21076409e-18 
 1.10000000e+00  4.77963588e-04  1.10000000e+00  1.65950446e-04  1.10000000e+00  4.97588030e-01  1.10000000e+00  1.45966931e-05  1.10000000e+00  5.62346096e-15  1.10000000e+00 -5.30268354e-15  1.10000000e+00 -1.15518937e-17 
 1.15000000e+00  4.98508274e-04  1.15000000e+00  1.89379042e-04  1.15000000e+00  4.97907020e-01  1.15000000e+00  1.71040916e-05  1.15000000e+00  5.64951618e-15  1.15000000e+00 -5.34113839e-15  1.15000000e+00 -1.45433413e-17 
 1.20000000e+00  5.16686670e-04  1.20000000e+00  2.13690069e-04  1.20000000e+00  4.98237628e-01  1.20000000e+00  1.99701861e-05  1.20000000e+00  5.67321490e-15  1.20000000e+00 -5.37587521e-15  1.20000000e+00 -1.83953457e-17 
 1.25000000e+00  5.32553317e-04  1.25000000e+00  2.38771392e-04  1.25000000e+00  4.98578289e-01  1.25000000e+00  2.32580146e-05  1.25000000e+00  5.69532202e-15  1.25000000e+00 -5.40746900e-15  1.25000000e+00 -2.33950050e-17 
 1.30000000e+00  5.46171273e-04  1.30000000e+00  2.64514199e-04  1.30000000e+00  4.98927491e-01  1.30000000e+00  2.70450909e-05  1.30000000e+00  5.71651893e-15  1.30000000e+00 -5.43628442e-15  1.30000000e+00 -2.99361110e-17 
 1.35000000e+00  5.57604567e-04  1.35000000e+00  2.90813030e-04  1.35000000e+00  4.99283771e-01  1.35000000e+00  3.14274737e-05  1.35000000e+00  5.73746410e-15  1.35000000e+00 -5.46250224e-15  1.35000000e+00 -3.85598445e-17 
 1.40000000e+00  5.66910972e-04  1.40000000e+00  3.17565465e-04  1.40000000e+00  4.99645718e-01  1.40000000e+00  3.65249853e-05  1.40000000e+00  5.75884973e-15  1.40000000e+00 -5.48612648e-15  1.40000000e+00 -5.00085351e-17 
 1.45000000e+00  5.74135248e-04  1.45000000e+00  3.44671490e-04  1.45000000e+00  5.00011957e-01  1.45000000e+00  4.24878505e-05  1.45000000e+00  5.78145643e-15  1.45000000e+00 -5.50697454e-15  1.45000000e+00 -6.52926689e-17 
 1.50000000e+00  5.79302687e-04  1.50000000e+00  3.72032557e-04  1.50000000e+00  5.00381144e-01  1.50000000e+00  4.95050036e-05  1.50000000e+00  5.80620367e-15  1.50000000e+00 -5.52465364e-15  1.50000000e+00 -8.57656499e-17 
 1.55000000e+00  5.82412750e-04  1.55000000e+00  3.99550349e-04  1.55000000e+00  5.00751940e-01  1.55000000e+00  5.78141554e-05  1.55000000e+00  5.83418607e-15  1.55000000e+00 -5.53853115e-15  1.55000000e+00 -1.13188556e-16 
 1.60000000e+00  5.83432809e-04  1.60000000e+00  4.27125243e-04  1.60000000e+00  5.01123000e-01  1.60000000e+00  6.77132811e-05  1.60000000e+00  5.86667355e-15  1.60000000e+00 -5.54771611e-15  1.60000000e+00 -1.49745831e-16 
 1.65000000e+00  5.82292474e-04  1.65000000e+00  4.54654509e-04  1.65000000e+00  5.01492943e-01  1.65000000e+00  7.95722051e-05  1.65000000e+00  5.90503969e-15  1.65000000e+00 -5.55108305e-15  1.65000000e+00 -1.97945609e-16 
 1.70000000e+00  5.78879910e-04  1.70000000e+00  4.82030297e-04  1.70000000e+00  5.01860327e-01  1.70000000e+00  9.38410008e-05  1.70000000e+00  5.95057881e-15  1.70000000e+00 -5.54738151e-15  1.70000000e+00 -2.60323683e-16 
 1.75000000e+00  5.73043096e-04  1.75000000e+00  5.09137622e-04  1.75000000e+00  5.02223621e-01  1.75000000e+00  1.11048461e-04  1.75000000e+00  6.00420017e-15  1.75000000e+00 -5.53546564e-15  1.75000000e+00 -3.38908400e-16 
 1.80000000e+00  5.64601224e-04  1.80000000e+00  5.35852739e-04  1.80000000e+00  5.02581186e-01  1.80000000e+00  1.31778791e-04  1.80000000e+00  6.06606406e-15  1.80000000e+00 -5.51462581e-15  1.80000000e+00 -4.34532781e-16 
