 5.00000000e-02  2.83451149e-09  5.00000000e-02  1.16991290e-10  5.00000000e-02  4.71185492e-01  5.00000000e-02  2.87688801e-10  5.00000000e-02  6.70974516e-16  5.00000000e-02 -1.80729199e-16  5.00000000e-02  1.33953683e-17 
 1.00000000e-01  9.57634482e-09  1.00000000e-01  3.93970254e-10  1.00000000e-01  4.71185499e-01  1.00000000e-01  9.71198589e-10  1.00000000e-01  7.02605100e-16  1.00000000e-01 -2.37168808e-16  1.00000000e-01  1.76904237e-17 
 1.50000000e-01  3.21791778e-08  1.50000000e-01  1.32695234e-09  1.50000000e-01  4.71185521e-01  1.50000000e-01  3.26112453e-09  1.50000000e-01  7.45659840e-16  1.50000000e-01 -3.06058516e-16  1.50000000e-01  2.29616672e-17 
 2.00000000e-01  1.07111169e-07  2.00000000e-01  4.44561494e-09  2.00000000e-01  4.71185595e-01  2.00000000e-01  1.08478655e-08  2.00000000e-01  8.00033932e-16  2.00000000e-01 -3.87215078e-16  2.00000000e-01  2.92042100e-17 
 2.50000000e-01  3.50895410e-07  2.50000000e-01  1.47344803e-08  2.50000000e-01  4.71185840e-01  2.50000000e-01  3.55179364e-08  2.50000000e-01  8.64456468e-16  2.50000000e-01 -4.78990481e-16  2.50000000e-01  3.62984020e-17 
 3.00000000e-01  1.12148621e-06  3.00000000e-01  4.79724409e-08  3.00000000e-01  4.71186632e-01  3.00000000e-01  1.13462017e-07  3.00000000e-01  9.36381416e-16  3.00000000e-01 -5.78186655e-16  3.00000000e-01  4.40005234e-17 
 3.50000000e-01  3.46835377e-06  3.50000000e-01  1.52183350e-07  3.50000000e-01  4.71189113e-01  3.50000000e-01  3.50644529e-07  3.50000000e-01  1.01224234e-15  3.50000000e-01 -6.80419447e-16  3.50000000e-01  5.19688140e-17 
 4.00000000e-01  1.03725095e-05  4.00000000e-01  4.67873028e-07  4.00000000e-01  4.71196628e-01  4.00000000e-01  1.04676239e-06  4.00000000e-01  1.08804682e-15  4.00000000e-01 -7.80882641e-16  4.00000000e-01  5.98221877e-17 
 4.50000000e-01  3.01536586e-05  4.50000000e-01  1.39527402e-06  4.50000000e-01  4.71218706e-01  4.50000000e-01  3.03092028e-06  4.50000000e-01  1.16009695e-15  4.50000000e-01 -8.75235127e-16  4.50000000e-01  6.72106395e-17 
 5.00000000e-01  8.29600433e-05  5.00000000e-01  4.01002159e-06  5.00000000e-01  4.71280951e-01  5.00000000e-01  8.29233579e-06  5.00000000e-01  1.22555004e-15  5.00000000e-01 -9.60262048e-16  5.00000000e-01  7.38696924e-17 
 5.50000000e-01  1.97922024e-04  5.50000000e-01  1.06404557e-05  5.50000000e-01  4.71438763e-01  5.50000000e-01  1.97017381e-05  5.50000000e-01  1.28267403e-15  5.50000000e-01 -1.03414609e-15  5.50000000e-01  7.96448943e-17 
 6.00000000e-01  3.77564836e-04  6.00000000e-01  2.44549328e-05  6.00000000e-01  4.71767446e-01  6.00000000e-01  3.75925036e-05  6.00000000e-01  1.33090056e-15  6.00000000e-01 -1.09648631e-15  6.00000000e-01  8.44953749e-17 
 6.50000000e-01  5.73451446e-04  6.50000000e-01  4.72817286e-05  6.50000000e-01  4.72310210e-01  6.50000000e-01  5.74508501e-05  6.50000000e-01  1.37072310e-15  6.50000000e-01 -1.14812841e-15  6.50000000e-01  8.84802325e-17 
 7.00000000e-01  7.32272424e-04  7.00000000e-01  7.82641902e-05  7.00000000e-01  4.73046203e-01  7.00000000e-01  7.43137905e-05  7.00000000e-01  1.40329036e-15  7.00000000e-01 -1.19064502e-15  7.00000000e-01  9.17164746e-17 
 7.50000000e-01  8.38396382e-04  7.50000000e-01  1.15060925e-04  7.50000000e-01  4.73919284e-01  7.50000000e-01  8.67641655e-05  7.50000000e-01  1.42989276e-15  7.50000000e-01 -1.22571838e-15  7.50000000e-01  9.43301265e-17 
 8.00000000e-01  9.03442816e-04  8.00000000e-01  1.55480935e-04  8.00000000e-01  4.74877051e-01  8.00000000e-01  9.59085945e-05  8.00000000e-01  1.45167949e-15  8.00000000e-01 -1.25481621e-15  8.00000000e-01  9.64307796e-17 
 8.50000000e-01  9.43795796e-04  8.50000000e-01  1.98081229e-04  8.50000000e-01  4.75885031e-01  8.50000000e-01  1.03264630e-04  8.50000000e-01  1.46960189e-15  8.50000000e-01 -1.27913699e-15  8.50000000e-01  9.81066945e-17 
 9.00000000e-01  9.71005843e-04  9.00000000e-01  2.42061005e-04  9.00000000e-01  4.76924097e-01  9.00000000e-01  1.09880541e-04  9.00000000e-01  1.48443896e-15  9.00000000e-01 -1.29964847e-15  9.00000000e-01  9.94266565e-17 
 9.50000000e-01  9.91305367e-04  9.50000000e-01  2.87002904e-04  9.50000000e-01  4.77984271e-01  9.50000000e-01  1.16305323e-04  9.50000000e-01  1.49682384e-15  9.50000000e-01 -1.31712542e-15  9.50000000e-01  1.00442172e-16 
 1.00000000e+00  1.00755184e-03  1.00000000e+00  3.32678747e-04  1.00000000e+00  4.79060084e-01  1.00000000e+00  1.22776738e-04  1.00000000e+00  1.50727090e-15  1.00000000e+00 -1.33218512e-15  1.00000000e+00  1.01188859e-16 
 1.05000000e+00  1.02090070e-03  1.05000000e+00  3.78942043e-04  1.05000000e+00  4.80148022e-01  1.05000000e+00  1.29379194e-04  1.05000000e+00  1.51619671e-15  1.05000000e+00 -1.34531441e-15  1.05000000e+00  1.01687092e-16 
 1.10000000e+00  1.03178061e-03  1.10000000e+00  4.25678163e-04  1.10000000e+00  4.81245339e-01  1.10000000e+00  1.36134725e-04  1.10000000e+00  1.52393872e-15  1.10000000e+00 -1.35689265e-15  1.10000000e+00  1.01941898e-16 
 1.15000000e+00  1.04036586e-03  1.15000000e+00  4.72784725e-04  1.15000000e+00  4.82349590e-01  1.15000000e+00  1.43046702e-04  1.15000000e+00  1.53077234e-15  1.15000000e+00 -1.36721096e-15  1.15000000e+00  1.01941888e-16 
 1.20000000e+00  1.04677308e-03  1.20000000e+00  5.20165554e-04  1.20000000e+00  4.83458495e-01  1.20000000e+00  1.50117945e-04  1.20000000e+00  1.53692645e-15  1.20000000e+00 -1.37648792e-15  1.20000000e+00  1.01656882e-16 
 1.25000000e+00  1.05112751e-03  1.25000000e+00  5.67729828e-04  1.25000000e+00  4.84569909e-01  1.25000000e+00  1.57356805e-04  1.25000000e+00  1.54259755e-15  1.25000000e+00 -1.38488143e-15  1.25000000e+00  1.01033761e-16 
 1.30000000e+00  1.05357498e-03  1.30000000e+00  6.15392693e-04  1.30000000e+00  4.85681844e-01  1.30000000e+00  1.64778305e-04  1.30000000e+00  1.54796307e-15  1.30000000e+00 -1.39249675e-15  1.30000000e+00  9.99899596e-17 
 1.35000000e+00  1.05427524e-03  1.35000000e+00  6.63075915e-04  1.35000000e+00  4.86792476e-01  1.35000000e+00  1.72403597e-04  1.35000000e+00  1.55319422e-15  1.35000000e+00 -1.39939048e-15  1.35000000e+00  9.84038650e-17 
 1.40000000e+00  1.05339151e-03  1.40000000e+00  7.10708150e-04  1.40000000e+00  4.87900153e-01  1.40000000e+00  1.80259128e-04  1.40000000e+00  1.55846910e-15  1.40000000e+00 -1.40557061e-15  1.40000000e+00  9.61013797e-17 
 1.45000000e+00  1.05108164e-03  1.45000000e+00  7.58224817e-04  1.45000000e+00  4.89003391e-01  1.45000000e+00  1.88376004e-04  1.45000000e+00  1.56398626e-15  1.45000000e+00 -1.41099217e-15  1.45000000e+00  9.28382028e-17 
 1.50000000e+00  1.04749222e-03  1.50000000e+00  8.05567679e-04  1.50000000e+00  4.90100861e-01  1.50000000e+00  1.96789684e-04  1.50000000e+00  1.56997835e-15  1.50000000e+00 -1.41554914e-15  1.50000000e+00  8.82785483e-17 
 1.55000000e+00  1.04275519e-03  1.55000000e+00  8.52684235e-04  1.55000000e+00  4.91191378e-01  1.55000000e+00  2.05539990e-04  1.55000000e+00  1.57672367e-15  1.55000000e+00 -1.41906373e-15  1.55000000e+00  8.19738401e-17 
 1.60000000e+00  1.03698635e-03  1.60000000e+00  8.99527031e-04  1.60000000e+00  4.92273877e-01  1.60000000e+00  2.14671380e-04  1.60000000e+00  1.58455046e-15  1.60000000e+00 -1.42127746e-15  1.60000000e+00  7.33504239e-17 
 1.65000000e+00  1.03028515e-03  1.65000000e+00  9.46052936e-04  1.65000000e+00  4.93347401e-01  1.65000000e+00  2.24233464e-04  1.65000000e+00  1.59382475e-15  1.65000000e+00 -1.42185254e-15  1.65000000e+00  6.17235633e-17 
 1.70000000e+00  1.02273518e-03  1.70000000e+00  9.92222435e-04  1.70000000e+00  4.94411081e-01  1.70000000e+00  2.34281704e-04  1.70000000e+00  1.60490973e-15  1.70000000e+00 -1.42039727e-15  1.70000000e+00  4.63622675e-17 
 1.75000000e+00  1.01440494e-03  1.75000000e+00  1.03799895e-03  1.75000000e+00  4.95464120e-01  1.75000000e+00  2.44878319e-04  1.75000000e+00  1.61808911e-15  1.75000000e+00 -1.41652945e-15  1.75000000e+00  2.66250698e-17 
 1.80000000e+00  1.00534881e-03  1.80000000e+00  1.08334820e-03  1.80000000e+00  4.96505780e-01  1.80000000e+00  2.56093397e-04  1.80000000e+00  1.63346535e-15  1.80000000e+00 -1.40997840e-15  1.80000000e+00  2.15606998e-18 
