 5.00000000e-02  1.34044259e-10  5.00000000e-02  5.10605794e-12  5.00000000e-02  4.42874673e-01  5.00000000e-02  1.12447795e-12  5.00000000e-02  8.14067627e-15  5.00000000e-02 -2.22727999e-15  5.00000000e-02 -1.80692806e-19 
 1.00000000e-01  6.56020690e-10  1.00000000e-01  2.15525549e-11  1.00000000e-01  4.42874673e-01  1.00000000e-01  5.52350087e-12  1.00000000e-01  8.74568585e-15  1.00000000e-01 -3.20768056e-15  1.00000000e-01 -2.68008629e-19 
 1.50000000e-01  3.16839976e-09  1.50000000e-01  1.01443192e-10  1.50000000e-01  4.42874675e-01  1.50000000e-01  2.68878457e-11  1.50000000e-01  9.63186095e-15  1.50000000e-01 -4.50977756e-15  1.50000000e-01 -3.95093955e-19 
 2.00000000e-01  1.48835068e-08  2.00000000e-01  4.81267018e-10  2.00000000e-01  4.42874680e-01  2.00000000e-01  1.28361478e-10  2.00000000e-01  1.08089963e-14  2.00000000e-01 -6.14626742e-15  2.00000000e-01 -5.77227335e-19 
 2.50000000e-01  6.62095399e-08  2.50000000e-01  2.21082127e-09  2.50000000e-01  4.42874707e-01  2.50000000e-01  5.88386083e-10  2.50000000e-01  1.22374423e-14  2.50000000e-01 -8.06914657e-15  2.50000000e-01 -8.33274664e-19 
 3.00000000e-01  2.68305595e-07  3.00000000e-01  9.49920751e-09  3.00000000e-01  4.42874819e-01  3.00000000e-01  2.49160115e-09  3.00000000e-01  1.38216351e-14  3.00000000e-01 -1.01628255e-14  3.00000000e-01 -1.18534036e-18 
 3.50000000e-01  9.58002866e-07  3.50000000e-01  3.68919748e-08  3.50000000e-01  4.42875241e-01  3.50000000e-01  9.20119479e-09  3.50000000e-01  1.54300947e-14  3.50000000e-01 -1.22693537e-14  3.50000000e-01 -1.65824411e-18 
 4.00000000e-01  2.98105205e-06  4.00000000e-01  1.27036114e-07  4.00000000e-01  4.42876630e-01  4.00000000e-01  2.79039090e-08  4.00000000e-01  1.69351445e-14  4.00000000e-01 -1.42369006e-14  4.00000000e-01 -2.27933096e-18 
 4.50000000e-01  7.84538530e-06  4.50000000e-01  3.82396780e-07  4.50000000e-01  4.42880563e-01  4.50000000e-01  6.74187296e-08  4.50000000e-01  1.82484072e-14  4.50000000e-01 -1.59622232e-14  4.50000000e-01 -3.07910498e-18 
 5.00000000e-01  1.65639939e-05  5.00000000e-01  9.76484103e-07  5.00000000e-01  4.42889714e-01  5.00000000e-01  1.31707977e-07  5.00000000e-01  1.93333298e-14  5.00000000e-01 -1.74048591e-14  5.00000000e-01 -4.09289081e-18 
 5.50000000e-01  2.81095291e-05  5.50000000e-01  2.08366566e-06  5.50000000e-01  4.42906768e-01  5.50000000e-01  2.17489112e-07  5.50000000e-01  2.01958137e-14  5.50000000e-01 -1.85750086e-14  5.50000000e-01 -5.36340061e-18 
 6.00000000e-01  4.05479127e-05  6.00000000e-01  3.79452045e-06  6.00000000e-01  4.42933117e-01  6.00000000e-01  3.19010789e-07  6.00000000e-01  2.08658695e-14  6.00000000e-01 -1.95110418e-14  6.00000000e-01 -6.94394798e-18 
 6.50000000e-01  5.27750320e-05  6.50000000e-01  6.12017938e-06  6.50000000e-01  4.42968932e-01  6.50000000e-01  4.32682819e-07  6.50000000e-01  2.13814551e-14  6.50000000e-01 -2.02600279e-14  6.50000000e-01 -8.90228689e-18 
 7.00000000e-01  6.45468062e-05  7.00000000e-01  9.04060279e-06  7.00000000e-01  4.43013901e-01  7.00000000e-01  5.57977703e-07  7.00000000e-01  2.17787264e-14  7.00000000e-01 -2.08661783e-14  7.00000000e-01 -1.13253875e-17 
 7.50000000e-01  7.59175981e-05  7.50000000e-01  1.25330881e-05  7.50000000e-01  4.43067671e-01  7.50000000e-01  6.96650534e-07  7.50000000e-01  2.20879081e-14  7.50000000e-01 -2.13660927e-14  7.50000000e-01 -1.43256229e-17 
 8.00000000e-01  8.69490666e-05  8.00000000e-01  1.65784817e-05  8.00000000e-01  4.43129941e-01  8.00000000e-01  8.52046249e-07  8.00000000e-01  2.23325202e-14  8.00000000e-01 -2.17880017e-14  8.00000000e-01 -1.80489852e-17 
 8.50000000e-01  9.76518016e-05  8.50000000e-01  2.11594980e-05  8.50000000e-01  4.43200442e-01  8.50000000e-01  1.02884740e-06  8.50000000e-01  2.25300890e-14  8.50000000e-01 -2.21527441e-14  8.50000000e-01 -2.26861802e-17 
 9.00000000e-01  1.08002003e-04  9.00000000e-01  2.62584912e-05  9.00000000e-01  4.43278896e-01  9.00000000e-01  1.23315295e-06  9.00000000e-01  2.26934938e-14  9.00000000e-01 -2.24754197e-14  9.00000000e-01 -2.84878039e-17 
 9.50000000e-01  1.17963283e-04  9.50000000e-01  3.18563231e-05  9.50000000e-01  4.43365003e-01  9.50000000e-01  1.47278339e-06  9.50000000e-01  2.28320353e-14  9.50000000e-01 -2.27667164e-14  9.50000000e-01 -3.57852617e-17 
 1.00000000e+00  1.27500272e-04  1.00000000e+00  3.79321183e-05  1.00000000e+00  4.43458437e-01  1.00000000e+00  1.75778531e-06  1.00000000e+00  2.29524770e-14  1.00000000e+00 -2.30341394e-14  1.00000000e+00 -4.50197526e-17 
 1.05000000e+00  1.36584198e-04  1.05000000e+00  4.44634774e-05  1.05000000e+00  4.43558845e-01  1.05000000e+00  2.10117122e-06  1.05000000e+00  2.30598210e-14  1.05000000e+00 -2.32829007e-14  1.05000000e+00 -5.67825818e-17 
 1.10000000e+00  1.45193747e-04  1.10000000e+00  5.14268338e-05  1.10000000e+00  4.43665861e-01  1.10000000e+00  2.51998080e-06  1.10000000e+00  2.31578920e-14  1.10000000e+00 -2.35165512e-14  1.10000000e+00 -7.18712803e-17 
 1.15000000e+00  1.53313410e-04  1.15000000e+00  5.87977785e-05  1.15000000e+00  4.43779101e-01  1.15000000e+00  3.03680503e-06  1.15000000e+00  2.32497755e-14  1.15000000e+00 -2.37374069e-14  1.15000000e+00 -9.13675251e-17 
 1.20000000e+00  1.60930450e-04  1.20000000e+00  6.65512649e-05  1.20000000e+00  4.43898176e-01  1.20000000e+00  3.68198974e-06  1.20000000e+00  2.33381570e-14  1.20000000e+00 -2.39468143e-14  1.20000000e+00 -1.16744477e-16 
 1.25000000e+00  1.68030887e-04  1.25000000e+00  7.46616348e-05  1.25000000e+00  4.44022685e-01  1.25000000e+00  4.49684254e-06  1.25000000e+00  2.34255981e-14  1.25000000e+00 -2.41452892e-14  1.25000000e+00 -1.50012248e-16 
 1.30000000e+00  1.74594431e-04  1.30000000e+00  8.31024208e-05  1.30000000e+00  4.44152214e-01  1.30000000e+00  5.53831971e-06  1.30000000e+00  2.35147772e-14  1.30000000e+00 -2.43325525e-14  1.30000000e+00 -1.93909239e-16 
 1.35000000e+00  1.80587984e-04  1.35000000e+00  9.18458612e-05  1.35000000e+00  4.44286334e-01  1.35000000e+00  6.88586822e-06  1.35000000e+00  2.36087122e-14  1.35000000e+00 -2.45074787e-14  1.35000000e+00 -2.52140720e-16 
 1.40000000e+00  1.85957111e-04  1.40000000e+00  1.00862047e-04  1.40000000e+00  4.44424578e-01  1.40000000e+00  8.65130457e-06  1.40000000e+00  2.37109625e-14  1.40000000e+00 -2.46679760e-14  1.40000000e+00 -3.29648092e-16 
 1.45000000e+00  1.90614767e-04  1.45000000e+00  1.10117579e-04  1.45000000e+00  4.44566431e-01  1.45000000e+00  1.09926575e-05  1.45000000e+00  2.38257814e-14  1.45000000e+00 -2.48108334e-14  1.45000000e+00 -4.32853443e-16 
 1.50000000e+00  1.94426955e-04  1.50000000e+00  1.19573591e-04  1.50000000e+00  4.44711292e-01  1.50000000e+00  1.41322768e-05  1.50000000e+00  2.39581465e-14  1.50000000e+00 -2.49316111e-14  1.50000000e+00 -5.69755610e-16 
 1.55000000e+00  1.97196652e-04  1.55000000e+00  1.29183019e-04  1.55000000e+00  4.44858437e-01  1.55000000e+00  1.83769299e-05  1.55000000e+00  2.41135445e-14  1.55000000e+00 -2.50247117e-14  1.55000000e+00 -7.49661954e-16 
 1.60000000e+00  1.98652086e-04  1.60000000e+00  1.38887153e-04  1.60000000e+00  4.45006964e-01  1.60000000e+00  2.41304847e-05  1.60000000e+00  2.42973596e-14  1.60000000e+00 -2.50838333e-14  1.60000000e+00 -9.82274942e-16 
 1.65000000e+00  1.98455448e-04  1.65000000e+00  1.48612072e-04  1.65000000e+00  4.45155740e-01  1.65000000e+00  3.18750728e-05  1.65000000e+00  2.45137882e-14  1.65000000e+00 -2.51029851e-14  1.65000000e+00 -1.27593584e-15 
 1.70000000e+00  1.96261212e-04  1.70000000e+00  1.58266684e-04  1.70000000e+00  4.45303373e-01  1.70000000e+00  4.20780653e-05  1.70000000e+00  2.47644413e-14  1.70000000e+00 -2.50780462e-14  1.70000000e+00 -1.63520153e-15 
 1.75000000e+00  1.91850284e-04  1.75000000e+00  1.67745604e-04  1.75000000e+00  4.45448254e-01  1.75000000e+00  5.49894569e-05  1.75000000e+00  2.50471521e-14  1.75000000e+00 -2.50084355e-14  1.75000000e+00 -2.05854858e-15 
 1.80000000e+00  1.85307718e-04  1.80000000e+00  1.76940179e-04  1.80000000e+00  4.45588726e-01  1.80000000e+00  7.03857398e-05  1.80000000e+00  2.53556846e-14  1.80000000e+00 -2.46123940e-14  1.80000000e+00 -2.53740754e-15 
