 5.00000000e-02  1.25209506e-10  5.00000000e-02  4.84815833e-12  5.00000000e-02  4.36547283e-01  5.00000000e-02  9.84286537e-13  5.00000000e-02  1.05611113e-14  5.00000000e-02 -2.91799762e-15  5.00000000e-02 -2.47330433e-19 
 1.00000000e-01  6.07821624e-10  1.00000000e-01  2.01332215e-11  1.00000000e-01  4.36547284e-01  1.00000000e-01  4.79681016e-12  1.00000000e-01  1.13515117e-14  1.00000000e-01 -4.18060867e-15  1.00000000e-01 -3.66022941e-19 
 1.50000000e-01  2.90980883e-09  1.50000000e-01  9.37519350e-11  1.50000000e-01  4.36547285e-01  1.50000000e-01  2.31548364e-11  1.50000000e-01  1.24900595e-14  1.50000000e-01 -5.84147495e-15  1.50000000e-01 -5.38187769e-19 
 2.00000000e-01  1.35322257e-08  2.00000000e-01  4.40441008e-10  2.00000000e-01  4.36547290e-01  2.00000000e-01  1.09506594e-10  2.00000000e-01  1.39809281e-14  2.00000000e-01 -7.90579218e-15  2.00000000e-01 -7.84037586e-19 
 2.50000000e-01  5.95025185e-08  2.50000000e-01  2.00187303e-09  2.50000000e-01  4.36547315e-01  2.50000000e-01  4.96383753e-10  2.50000000e-01  1.57657678e-14  2.50000000e-01 -1.03020591e-14  2.50000000e-01 -1.12842135e-18 
 3.00000000e-01  2.38221139e-07  3.00000000e-01  8.50295383e-09  3.00000000e-01  4.36547416e-01  3.00000000e-01  2.07297496e-09  3.00000000e-01  1.77200960e-14  3.00000000e-01 -1.28790233e-14  3.00000000e-01 -1.60041308e-18 
 3.50000000e-01  8.43122622e-07  3.50000000e-01  3.26850549e-08  3.50000000e-01  4.36547795e-01  3.50000000e-01  7.52591526e-09  3.50000000e-01  1.96818385e-14  3.50000000e-01 -1.54415944e-14  3.50000000e-01 -2.23276893e-18 
 4.00000000e-01  2.61007544e-06  4.00000000e-01  1.11780194e-07  4.00000000e-01  4.36549032e-01  4.00000000e-01  2.23961944e-08  4.00000000e-01  2.15002591e-14  4.00000000e-01 -1.78105785e-14  4.00000000e-01 -3.06189338e-18 
 4.50000000e-01  6.80041820e-06  4.50000000e-01  3.34231640e-07  4.50000000e-01  4.36552511e-01  4.50000000e-01  5.31487362e-08  4.50000000e-01  2.30758439e-14  4.50000000e-01 -1.98702788e-14  4.50000000e-01 -4.12888816e-18 
 5.00000000e-01  1.41332661e-05  5.00000000e-01  8.44802653e-07  5.00000000e-01  4.36560496e-01  5.00000000e-01  1.02339101e-07  5.00000000e-01  2.43714854e-14  5.00000000e-01 -2.15807575e-14  5.00000000e-01 -5.48189677e-18 
 5.50000000e-01  2.36692979e-05  5.50000000e-01  1.78255230e-06  5.50000000e-01  4.36575162e-01  5.50000000e-01  1.67278229e-07  5.50000000e-01  2.53989644e-14  5.50000000e-01 -2.29604396e-14  5.50000000e-01 -7.17959403e-18 
 6.00000000e-01  3.39249101e-05  6.00000000e-01  3.21809380e-06  6.00000000e-01  4.36597612e-01  6.00000000e-01  2.43690489e-07  6.00000000e-01  2.61966501e-14  6.00000000e-01 -2.40586978e-14  6.00000000e-01 -9.29557018e-18 
 6.50000000e-01  4.41474425e-05  6.50000000e-01  5.16407063e-06  6.50000000e-01  4.36628042e-01  6.50000000e-01  3.28905334e-07  6.50000000e-01  2.68108440e-14  6.50000000e-01 -2.49333336e-14  6.50000000e-01 -1.19236720e-17 
 7.00000000e-01  5.42239987e-05  7.00000000e-01  7.61357762e-06  7.00000000e-01  4.36666342e-01  7.00000000e-01  4.22434783e-07  7.00000000e-01  2.72848890e-14  7.00000000e-01 -2.56376718e-14  7.00000000e-01 -1.51847513e-17 
 7.50000000e-01  6.42364200e-05  7.50000000e-01  1.05603901e-05  7.50000000e-01  4.36712411e-01  7.50000000e-01  5.25502516e-07  7.50000000e-01  2.76547314e-14  7.50000000e-01 -2.62154813e-14  7.50000000e-01 -1.92354943e-17 
 8.00000000e-01  7.42525442e-05  8.00000000e-01  1.40023949e-05  8.00000000e-01  4.36766214e-01  8.00000000e-01  6.40733917e-07  8.00000000e-01  2.79482424e-14  8.00000000e-01 -2.67003787e-14  8.00000000e-01 -2.42802420e-17 
 8.50000000e-01  8.42895367e-05  8.50000000e-01  1.79395615e-05  8.50000000e-01  4.36827744e-01  8.50000000e-01  7.72276550e-07  8.50000000e-01  2.81861629e-14  8.50000000e-01 -2.71171227e-14  8.50000000e-01 -3.05870590e-17 
 9.00000000e-01  9.43287572e-05  9.00000000e-01  2.23717284e-05  9.00000000e-01  4.36896997e-01  9.00000000e-01  9.26361761e-07  9.00000000e-01  2.83837502e-14  9.00000000e-01 -2.74836419e-14  9.00000000e-01 -3.85098414e-17 
 9.50000000e-01  1.04332100e-04  9.50000000e-01  2.72972640e-05  9.50000000e-01  4.36973940e-01  9.50000000e-01  1.11240114e-06  9.50000000e-01  2.85520463e-14  9.50000000e-01 -2.78126191e-14  9.50000000e-01 -4.85189520e-17 
 1.00000000e+00  1.14251015e-04  1.00000000e+00  3.27123663e-05  1.00000000e+00  4.37058509e-01  1.00000000e+00  1.34491320e-06  1.00000000e+00  2.86991203e-14  1.00000000e+00 -2.81129566e-14  1.00000000e+00 -6.12438680e-17 
 1.05000000e+00  1.24027991e-04  1.05000000e+00  3.86106164e-05  1.05000000e+00  4.37150597e-01  1.05000000e+00  1.64691057e-06  1.05000000e+00  2.88309916e-14  1.05000000e+00 -2.83908301e-14  1.05000000e+00 -7.75327393e-17 
 1.10000000e+00  1.33591679e-04  1.10000000e+00  4.49824457e-05  1.10000000e+00  4.37250049e-01  1.10000000e+00  2.05599140e-06  1.10000000e+00  2.89523292e-14  1.10000000e+00 -2.86504351e-14  1.10000000e+00 -9.85355358e-17 
 1.15000000e+00  1.42844671e-04  1.15000000e+00  5.18141864e-05  1.15000000e+00  4.37356644e-01  1.15000000e+00  2.63554997e-06  1.15000000e+00  2.90669836e-14  1.15000000e+00 -2.88944861e-14  1.15000000e+00 -1.25819585e-16 
 1.20000000e+00  1.51639900e-04  1.20000000e+00  5.90862595e-05  1.20000000e+00  4.37470069e-01  1.20000000e+00  3.49563350e-06  1.20000000e+00  2.91784066e-14  1.20000000e+00 -2.91245250e-14  1.20000000e+00 -1.61528263e-16 
 1.25000000e+00  1.59738086e-04  1.25000000e+00  6.67697612e-05  1.25000000e+00  4.37589868e-01  1.25000000e+00  4.83088424e-06  1.25000000e+00  2.92900020e-14  1.25000000e+00 -2.93410766e-14  1.25000000e+00 -2.08594037e-16 
 1.30000000e+00  1.66739318e-04  1.30000000e+00  7.48203138e-05  1.30000000e+00  4.37715339e-01  1.30000000e+00  6.98236642e-06  1.30000000e+00  2.94054392e-14  1.30000000e+00 -2.95436812e-14  1.30000000e+00 -2.71012677e-16 
 1.35000000e+00  1.72009612e-04  1.35000000e+00  8.31681993e-05  1.35000000e+00  4.37845392e-01  1.35000000e+00  1.05041518e-05  1.35000000e+00  2.95289401e-14  1.35000000e+00 -2.97308277e-14  1.35000000e+00 -3.54169727e-16 
 1.40000000e+00  1.74730905e-04  1.40000000e+00  9.17070873e-05  1.40000000e+00  4.37978365e-01  1.40000000e+00  1.61134089e-05  1.40000000e+00  2.96655189e-14  1.40000000e+00 -2.98998170e-14  1.40000000e+00 -4.65172942e-16 
 1.45000000e+00  1.74323122e-04  1.45000000e+00  1.00293704e-04  1.45000000e+00  4.38112024e-01  1.45000000e+00  2.42882035e-05  1.45000000e+00  2.98211074e-14  1.45000000e+00 -3.00466111e-14  1.45000000e+00 -6.13077068e-16 
 1.50000000e+00  1.71070964e-04  1.50000000e+00  1.08776267e-04  1.50000000e+00  4.38244007e-01  1.50000000e+00  3.46797466e-05  1.50000000e+00  3.00024402e-14  1.50000000e+00 -3.01657727e-14  1.50000000e+00 -8.08795082e-16 
 1.55000000e+00  1.66018945e-04  1.55000000e+00  1.17039286e-04  1.55000000e+00  4.38372521e-01  1.55000000e+00  4.62422544e-05  1.55000000e+00  3.02165385e-14  1.55000000e+00 -3.02506858e-14  1.55000000e+00 -1.06439456e-15 
 1.60000000e+00  1.60157823e-04  1.60000000e+00  1.25021183e-04  1.60000000e+00  4.38496613e-01  1.60000000e+00  5.80320639e-05  1.60000000e+00  3.04696426e-14  1.60000000e+00 -3.02943139e-14  1.60000000e+00 -1.39145482e-15 
 1.65000000e+00  1.54028872e-04  1.65000000e+00  1.32698524e-04  1.65000000e+00  4.38615924e-01  1.65000000e+00  6.95714313e-05  1.65000000e+00  3.07656141e-14  1.65000000e+00 -3.02906290e-14  1.65000000e+00 -1.79841507e-15 
 1.70000000e+00  1.47848938e-04  1.70000000e+00  1.40065648e-04  1.70000000e+00  4.38730371e-01  1.70000000e+00  8.07027817e-05  1.70000000e+00  3.11042259e-14  1.70000000e+00 -3.02364786e-14  1.70000000e+00 -2.28750122e-15 
 1.75000000e+00  1.41693610e-04  1.75000000e+00  1.47123433e-04  1.75000000e+00  4.38839973e-01  1.75000000e+00  9.13995299e-05  1.75000000e+00  3.14801491e-14  1.75000000e+00 -3.01332018e-14  1.75000000e+00 -2.85254107e-15 
 1.80000000e+00  1.35590715e-04  1.80000000e+00  1.53874965e-04  1.80000000e+00  4.38944783e-01  1.80000000e+00  1.01673434e-04  1.80000000e+00  3.18833745e-14  1.80000000e+00 -2.96691066e-14  1.80000000e+00 -3.47902190e-15 
